0.728814 0.039548 0.168550 0.013183 0.043315 0.000942 0.005650 
0.726246 0.041392 0.166510 0.016933 0.043274 0.005644 
0.722222 0.048964 0.165725 0.014124 0.043315 0.005650 
0.718456 0.052731 0.165725 0.015066 0.042373 0.005650 
0.712135 0.054563 0.166510 0.018815 0.042333 0.005644 
0.714689 0.058380 0.164783 0.015066 0.041431 0.005650 
0.710923 0.058380 0.161017 0.020716 0.042373 0.000942 0.005650 
0.709981 0.064972 0.160075 0.016949 0.042373 0.005650 
0.703669 0.063970 0.161806 0.019755 0.043274 0.001881 0.005644 
0.695857 0.071563 0.163842 0.023540 0.039548 0.005650 
0.698682 0.072505 0.160075 0.019774 0.043315 0.000942 0.004708 
0.689558 0.084666 0.157103 0.019755 0.042333 0.000941 0.005644 
0.688324 0.083804 0.159134 0.022599 0.039548 0.005650 0.000942 
0.688324 0.081921 0.155367 0.027307 0.041431 0.005650 
0.681091 0.087488 0.157103 0.026341 0.040452 0.000941 0.006585 
0.678908 0.082863 0.157250 0.032015 0.040490 0.001883 0.005650 0.000942 
0.676083 0.092279 0.156309 0.025424 0.042373 0.001883 0.005650 
0.673565 0.107244 0.151458 0.022578 0.039511 0.000941 0.004704 
0.667608 0.096987 0.156309 0.031073 0.039548 0.001883 0.005650 0.000942 
0.671375 0.097928 0.154426 0.031073 0.038606 0.005650 0.000942 
0.658514 0.107244 0.158043 0.028222 0.040452 0.001881 0.005644 
0.656309 0.111111 0.152542 0.031073 0.038606 0.001883 0.006591 0.001883 
0.654426 0.116761 0.154426 0.030132 0.037665 0.001883 0.004708 
0.650659 0.123352 0.148776 0.032015 0.038606 0.005650 0.000942 
0.651929 0.118532 0.145814 0.033866 0.038570 0.004704 0.005644 0.000941 
0.643462 0.120414 0.153340 0.035748 0.040452 0.006585 
0.651601 0.125235 0.155367 0.025424 0.038606 0.003766 
0.637817 0.127940 0.155221 0.029163 0.041392 0.001881 0.005644 0.000941 
0.641580 0.122295 0.156162 0.035748 0.036689 0.001881 0.005644 
0.631827 0.112053 0.169492 0.040490 0.038606 0.001883 0.004708 0.000942 
0.631232 0.123236 0.165569 0.034807 0.039511 0.000941 0.004704 
0.639699 0.115710 0.160865 0.036689 0.038570 0.000941 0.007526 
0.620527 0.129002 0.175141 0.027307 0.040490 0.007533 
0.615819 0.119586 0.188324 0.032957 0.035782 0.001883 0.005650 
0.623706 0.125118 0.174976 0.031044 0.034807 0.001881 0.007526 0.000941 
0.614878 0.118644 0.189266 0.032957 0.035782 0.000942 0.007533 
0.615819 0.119586 0.192090 0.031073 0.032015 0.001883 0.006591 0.000942 
0.609595 0.115710 0.188147 0.041392 0.037629 0.001881 0.005644 
0.612994 0.121469 0.193032 0.029190 0.036723 0.002825 0.003766 
0.604520 0.116761 0.197740 0.032957 0.037665 0.000942 0.009416 
0.591722 0.115710 0.206021 0.038570 0.036689 0.002822 0.008467 
0.592662 0.115710 0.211665 0.038570 0.032926 0.000941 0.006585 0.000941 
0.601695 0.114878 0.203390 0.037665 0.034840 0.001883 0.005650 
0.589840 0.120414 0.214487 0.030103 0.035748 0.002822 0.006585 
0.581373 0.111007 0.222954 0.039511 0.036689 0.001881 0.006585 
0.584746 0.118644 0.215631 0.036723 0.034840 0.000942 0.006591 0.001883 
0.579492 0.119473 0.228598 0.032926 0.032926 0.005644 0.000941 
0.574788 0.117592 0.225776 0.039511 0.034807 0.000941 0.006585 
0.567797 0.124294 0.228814 0.035782 0.033898 0.009416 
0.570621 0.114878 0.231638 0.037665 0.032957 0.010358 0.001883 
0.559737 0.113829 0.248354 0.037629 0.033866 0.000941 0.005644 
0.564440 0.120414 0.245532 0.034807 0.031044 0.000941 0.002822 
0.573446 0.112994 0.237288 0.036723 0.029190 0.000942 0.008475 0.000942 
0.568203 0.112888 0.229539 0.054563 0.028222 0.000941 0.005644 
0.544685 0.129821 0.248354 0.041392 0.031044 0.004704 
0.544256 0.122411 0.242938 0.048964 0.032015 0.000942 0.008475 
0.541863 0.117592 0.238946 0.058325 0.031044 0.000941 0.009407 0.001881 
0.540922 0.119473 0.240828 0.059266 0.030103 0.000941 0.007526 0.000941 
0.530574 0.121355 0.238946 0.062088 0.031985 0.004704 0.010348 
0.533898 0.126177 0.234463 0.064030 0.030132 0.010358 0.000942 
0.539040 0.112888 0.228598 0.077140 0.033866 0.000941 0.004704 0.002822 
0.527752 0.118532 0.234243 0.076199 0.033866 0.000941 0.008467 
0.532015 0.115819 0.228814 0.081921 0.030132 0.001883 0.007533 0.001883 
0.531515 0.114770 0.227658 0.082785 0.031985 0.002822 0.008467 
0.507996 0.115710 0.230480 0.105362 0.032926 0.000941 0.006585 
0.507533 0.123352 0.225047 0.100753 0.032957 0.001883 0.006591 0.001883 
0.505174 0.119473 0.241769 0.095955 0.031044 0.001881 0.004704 
0.500470 0.108184 0.241769 0.106303 0.031044 0.003763 0.007526 0.000941 
0.499058 0.127119 0.232580 0.108286 0.024482 0.007533 0.000942 
0.499530 0.122295 0.224835 0.110066 0.028222 0.004704 0.008467 0.001881 
0.494826 0.113829 0.236124 0.109125 0.032926 0.001881 0.009407 0.001881 
0.493885 0.111947 0.230480 0.123236 0.031044 0.001881 0.007526 
0.504233 0.108184 0.221072 0.123236 0.031044 0.002822 0.008467 0.000941 
0.493885 0.116651 0.218250 0.140169 0.024459 0.000941 0.004704 0.000941 
0.470367 0.131703 0.234243 0.123236 0.030103 0.001881 0.007526 0.000941 
0.466102 0.117702 0.233522 0.140301 0.029190 0.003766 0.009416 
0.480715 0.109125 0.222954 0.145814 0.029163 0.002822 0.009407 
0.476952 0.114770 0.231421 0.135466 0.031044 0.002822 0.007526 
0.462841 0.111007 0.238006 0.141110 0.031985 0.002822 0.011289 0.000941 
0.471308 0.116651 0.224835 0.142992 0.033866 0.001881 0.007526 0.000941 
0.456256 0.121355 0.245532 0.126999 0.033866 0.003763 0.010348 0.001881 
0.453434 0.115710 0.237065 0.136406 0.044214 0.003763 0.008467 0.000941 
0.452493 0.117592 0.223895 0.142051 0.045155 0.003763 0.015052 
0.444026 0.117592 0.233302 0.142051 0.045155 0.001881 0.015052 0.000941 
0.446849 0.113829 0.223895 0.147695 0.042333 0.003763 0.018815 0.002822 
0.442561 0.123352 0.225989 0.132768 0.056497 0.002825 0.015066 0.000942 
0.452493 0.115710 0.220132 0.126999 0.061148 0.009407 0.014111 
0.436500 0.121355 0.218250 0.137347 0.060207 0.007526 0.017874 0.000941 
0.442145 0.113829 0.216369 0.151458 0.058325 0.006585 0.011289 
0.444026 0.116651 0.204139 0.140169 0.071496 0.003763 0.018815 0.000941 
0.447789 0.105362 0.212606 0.138288 0.066792 0.007526 0.020696 0.000941 
0.423330 0.116651 0.206021 0.146754 0.079962 0.004704 0.019755 0.002822 
0.419567 0.117592 0.220132 0.137347 0.079962 0.009407 0.013170 0.002822 
0.431797 0.109125 0.205080 0.140169 0.079022 0.014111 0.019755 0.000941 
0.397930 0.115710 0.227658 0.146754 0.080903 0.009407 0.015992 0.005644 
0.407338 0.109125 0.227658 0.137347 0.090310 0.005644 0.021637 0.000941 
0.410160 0.109125 0.220132 0.134525 0.090310 0.009407 0.025400 0.000941 
0.406397 0.112888 0.207902 0.146754 0.084666 0.012230 0.025400 0.003763 
0.396990 0.116651 0.221072 0.133584 0.092192 0.014111 0.024459 0.000941 
0.398871 0.115710 0.214487 0.140169 0.091251 0.012230 0.025400 0.001881 
0.392286 0.112888 0.206961 0.143932 0.105362 0.009407 0.027281 0.001881 
0.389831 0.109228 0.212806 0.141243 0.098870 0.016008 0.028249 0.003766 
0.391345 0.111947 0.203198 0.145814 0.100659 0.016933 0.028222 0.001881 
0.389464 0.110066 0.208843 0.140169 0.098777 0.016933 0.032926 0.002822 
0.385701 0.109125 0.214487 0.134525 0.107244 0.013170 0.027281 0.008467 
0.372180 0.132519 0.201128 0.134398 0.109023 0.015038 0.031015 0.004699 
0.368768 0.118532 0.214487 0.138288 0.102540 0.022578 0.032926 0.001881 
0.352775 0.123236 0.216369 0.135466 0.110066 0.024459 0.029163 0.008467 
0.380639 0.108083 0.200188 0.135338 0.111842 0.029135 0.029135 0.005639 
0.380997 0.108184 0.196613 0.138288 0.107244 0.032926 0.029163 0.006585 
0.364064 0.115710 0.208843 0.138288 0.111947 0.035748 0.022578 0.002822 
0.354657 0.115710 0.199436 0.140169 0.104421 0.042333 0.034807 0.008467 
0.360301 0.107244 0.206021 0.140169 0.096896 0.044214 0.032926 0.012230 
0.367827 0.104421 0.184384 0.145814 0.105362 0.049859 0.031985 0.010348 
0.357479 0.114770 0.188147 0.141110 0.110066 0.048918 0.030103 0.009407 
0.334901 0.111947 0.205080 0.139229 0.117592 0.050800 0.031044 0.009407 
0.328316 0.111947 0.202258 0.142992 0.115710 0.051740 0.031044 0.015992 
0.333020 0.114770 0.200376 0.140169 0.099718 0.063029 0.033866 0.015052 
0.324553 0.105362 0.207902 0.145814 0.117592 0.066792 0.023518 0.008467 
0.316087 0.097836 0.218250 0.142992 0.110066 0.067733 0.026341 0.020696 
0.335842 0.101599 0.204139 0.139229 0.105362 0.066792 0.029163 0.017874 
0.323308 0.104323 0.181391 0.153195 0.113722 0.070489 0.033835 0.019737 
0.304798 0.118532 0.198495 0.134525 0.119473 0.068674 0.035748 0.019755 
0.317968 0.110066 0.186265 0.140169 0.110066 0.084666 0.031985 0.018815 
0.312030 0.116541 0.188910 0.137218 0.109023 0.086466 0.028195 0.021617 
0.311383 0.115710 0.177799 0.142051 0.112888 0.092192 0.033866 0.014111 
0.304798 0.111007 0.187206 0.137347 0.113829 0.096896 0.032926 0.015992 
0.308561 0.108184 0.189087 0.131703 0.120414 0.095955 0.020696 0.025400 
0.288805 0.104421 0.190028 0.153340 0.116651 0.101599 0.022578 0.022578 
0.309501 0.110066 0.185325 0.137347 0.103481 0.103481 0.031985 0.018815 
0.285983 0.114770 0.192850 0.137347 0.111947 0.095955 0.038570 0.022578 
0.289474 0.116541 0.175752 0.137218 0.122180 0.100564 0.033835 0.024436 
0.280339 0.114770 0.182502 0.135466 0.120414 0.101599 0.039511 0.025400 
0.279398 0.103481 0.185325 0.144873 0.111947 0.103481 0.052681 0.018815 
0.275376 0.108083 0.183271 0.139098 0.118421 0.103383 0.046992 0.025376 
0.275635 0.112888 0.180621 0.138288 0.111007 0.094073 0.059266 0.028222 
0.253057 0.119473 0.198495 0.135466 0.106303 0.092192 0.066792 0.028222 
0.276576 0.111947 0.180621 0.138288 0.099718 0.092192 0.063970 0.036689 
0.280075 0.103383 0.179511 0.140977 0.110902 0.097744 0.062970 0.024436 
0.259643 0.106303 0.174976 0.150517 0.111007 0.103481 0.069614 0.024459 
0.260583 0.106303 0.176858 0.136406 0.111007 0.110066 0.077140 0.021637 
0.237782 0.109023 0.186090 0.138158 0.118421 0.105263 0.078008 0.027256 
0.247413 0.100659 0.175917 0.141110 0.109125 0.098777 0.091251 0.035748 
0.248354 0.121355 0.173095 0.127940 0.115710 0.101599 0.081844 0.030103 
0.247180 0.112782 0.168233 0.140977 0.115602 0.105263 0.089286 0.020677 
0.238946 0.115710 0.169332 0.136406 0.111947 0.105362 0.101599 0.020696 
0.226717 0.111007 0.172154 0.139229 0.115710 0.105362 0.105362 0.024459 
0.237782 0.108083 0.169173 0.133459 0.125000 0.098684 0.100564 0.027256 
0.223895 0.105362 0.177799 0.136406 0.112888 0.100659 0.113829 0.029163 
0.206961 0.111947 0.192850 0.137347 0.114770 0.099718 0.111007 0.025400 
0.214286 0.107143 0.175752 0.136278 0.117481 0.097744 0.120301 0.031015 
0.218985 0.104323 0.167293 0.139098 0.130639 0.093045 0.123120 0.023496 
0.185325 0.121355 0.175917 0.142051 0.112888 0.110066 0.126058 0.026341 
0.220132 0.106303 0.160865 0.135466 0.110066 0.110066 0.128881 0.028222 
0.199248 0.110902 0.176692 0.133459 0.111842 0.097744 0.129699 0.040414 
0.195489 0.116541 0.176692 0.134398 0.105263 0.100564 0.140038 0.031015 
0.198495 0.105362 0.170273 0.138288 0.122295 0.099718 0.130762 0.034807 
0.200188 0.105263 0.173872 0.141917 0.109023 0.100564 0.135338 0.033835 
0.203947 0.103383 0.153195 0.146617 0.124060 0.098684 0.130639 0.039474 
0.194732 0.101599 0.160865 0.145814 0.107244 0.102540 0.140169 0.047037 
0.199248 0.109023 0.156955 0.139098 0.114662 0.087406 0.133459 0.060150 
0.181391 0.104323 0.166353 0.134398 0.127820 0.107143 0.123120 0.055451 
0.167451 0.101599 0.157103 0.155221 0.123236 0.104421 0.131703 0.059266 
0.182502 0.101599 0.161806 0.133584 0.111947 0.111947 0.137347 0.059266 
0.167293 0.105263 0.162594 0.138158 0.115602 0.110902 0.140038 0.060150 
0.160865 0.122295 0.155221 0.142992 0.100659 0.101599 0.141110 0.075259 
0.165569 0.101599 0.163688 0.145814 0.115710 0.105362 0.130762 0.071496 
0.148496 0.101504 0.157895 0.139098 0.123120 0.114662 0.139098 0.076128 
0.156015 0.109962 0.144737 0.144737 0.118421 0.102444 0.140977 0.082707 
0.161806 0.101599 0.159925 0.146754 0.101599 0.099718 0.144873 0.083725 
0.147556 0.114662 0.156955 0.134398 0.108083 0.095865 0.146617 0.095865 
0.149436 0.108083 0.147556 0.134398 0.104323 0.106203 0.144737 0.105263 
0.154280 0.101599 0.142992 0.143932 0.114770 0.106303 0.142992 0.093133 
0.140038 0.109962 0.151316 0.145677 0.105263 0.103383 0.138158 0.106203 
0.141917 0.109962 0.156015 0.135338 0.118421 0.095865 0.134398 0.108083 
0.124177 0.105362 0.159925 0.142992 0.112888 0.099718 0.140169 0.114770 
0.120301 0.117481 0.163534 0.131579 0.099624 0.111842 0.144737 0.110902 
0.126880 0.106203 0.149436 0.143797 0.109023 0.098684 0.153195 0.112782 
0.127940 0.105362 0.150517 0.136406 0.108184 0.116651 0.133584 0.121355 
0.114770 0.103481 0.152399 0.137347 0.109125 0.100659 0.149577 0.132643 
0.111842 0.109962 0.144737 0.137218 0.104323 0.104323 0.151316 0.136278 
