0.724105 0.181733 0.040490 0.031073 0.014124 0.006591 0.000942 0.000942 
0.719661 0.181562 0.045155 0.031044 0.014111 0.006585 0.000941 0.000941 
0.716573 0.179849 0.049906 0.031073 0.014124 0.006591 0.000942 0.000942 
0.717514 0.176083 0.052731 0.031073 0.014124 0.006591 0.000942 0.000942 
0.713076 0.176858 0.056444 0.030103 0.015992 0.005644 0.000941 0.000941 
0.706215 0.178908 0.057439 0.030132 0.017891 0.006591 0.001883 0.000942 
0.705273 0.175141 0.064972 0.028249 0.016008 0.006591 0.001883 0.001883 
0.699623 0.176083 0.061205 0.030132 0.023540 0.006591 0.001883 0.000942 
0.701787 0.170273 0.072437 0.030103 0.015992 0.006585 0.001881 0.000941 
0.693974 0.172316 0.077213 0.030132 0.017891 0.006591 0.000942 0.000942 
0.692090 0.171375 0.077213 0.030132 0.020716 0.007533 0.000942 0.000000 
0.695202 0.170273 0.078081 0.030103 0.016933 0.006585 0.001881 0.000941 
0.681733 0.175141 0.080038 0.030132 0.026365 0.004708 0.000942 0.000942 
0.679849 0.172316 0.085687 0.030132 0.024482 0.005650 0.000942 0.000942 
0.681091 0.166510 0.089370 0.027281 0.027281 0.005644 0.001881 0.000941 
0.676083 0.169492 0.096045 0.026365 0.021657 0.007533 0.001883 0.000942 
0.679849 0.166667 0.091337 0.027307 0.025424 0.006591 0.001883 0.000942 
0.666980 0.171214 0.102540 0.026341 0.023518 0.006585 0.001881 0.000941 
0.667608 0.165725 0.097928 0.029190 0.029190 0.006591 0.001883 0.001883 
0.662900 0.167608 0.100753 0.031073 0.027307 0.005650 0.002825 0.001883 
0.657573 0.168391 0.104421 0.031044 0.029163 0.005644 0.002822 0.000941 
0.650659 0.161017 0.112053 0.035782 0.030132 0.005650 0.003766 0.000942 
0.642185 0.169492 0.119586 0.031073 0.028249 0.006591 0.001883 0.000942 
0.648776 0.169492 0.112053 0.034840 0.027307 0.005650 0.000942 0.000942 
0.642521 0.160865 0.122295 0.035748 0.026341 0.005644 0.004704 0.001881 
0.643462 0.163688 0.122295 0.033866 0.028222 0.006585 0.000941 0.000941 
0.644068 0.165725 0.128060 0.026365 0.025424 0.006591 0.002825 0.000942 
0.635936 0.171214 0.125118 0.031985 0.025400 0.007526 0.001881 0.000941 
0.632173 0.174036 0.121355 0.036689 0.027281 0.003763 0.003763 0.000941 
0.635593 0.175141 0.116761 0.032957 0.028249 0.007533 0.002825 0.000942 
0.634995 0.174976 0.119473 0.033866 0.028222 0.007526 0.000941 0.000000 
0.626529 0.184384 0.119473 0.041392 0.023518 0.004704 0.000000 0.000000 
0.611111 0.195857 0.118644 0.040490 0.023540 0.007533 0.001883 0.000942 
0.612994 0.196798 0.126177 0.029190 0.025424 0.006591 0.001883 0.000942 
0.604892 0.195673 0.121355 0.038570 0.030103 0.005644 0.001881 0.001881 
0.611111 0.196798 0.129002 0.027307 0.027307 0.006591 0.001883 0.000000 
0.601695 0.206215 0.119586 0.036723 0.026365 0.004708 0.002825 0.001883 
0.611477 0.198495 0.116651 0.033866 0.028222 0.005644 0.003763 0.001881 
0.601695 0.213748 0.112994 0.035782 0.024482 0.004708 0.003766 0.002825 
0.607345 0.200565 0.120527 0.034840 0.026365 0.007533 0.001883 0.000942 
0.600188 0.211665 0.118532 0.033866 0.026341 0.008467 0.000941 0.000000 
0.591722 0.224835 0.114770 0.035748 0.023518 0.004704 0.003763 0.000941 
0.580038 0.225989 0.113936 0.041431 0.026365 0.010358 0.000942 0.000942 
0.572907 0.223895 0.123236 0.037629 0.029163 0.009407 0.002822 0.000941 
0.588899 0.219191 0.122295 0.031044 0.027281 0.008467 0.002822 0.000000 
0.572505 0.232580 0.118644 0.034840 0.030132 0.008475 0.002825 0.000000 
0.577611 0.238006 0.123236 0.028222 0.022578 0.005644 0.003763 0.000941 
0.567262 0.241769 0.125118 0.030103 0.024459 0.007526 0.001881 0.001881 
0.554614 0.257062 0.112994 0.038606 0.022599 0.009416 0.003766 0.000942 
0.561205 0.249529 0.114878 0.034840 0.026365 0.010358 0.001883 0.000942 
0.571025 0.240828 0.118532 0.031044 0.029163 0.007526 0.000941 0.000941 
0.548448 0.258702 0.118532 0.034807 0.026341 0.010348 0.001881 0.000941 
0.563089 0.248588 0.113936 0.039548 0.023540 0.005650 0.003766 0.001883 
0.551270 0.252117 0.119473 0.041392 0.023518 0.009407 0.001881 0.000941 
0.560677 0.231421 0.119473 0.055503 0.025400 0.006585 0.000941 0.000000 
0.543315 0.247646 0.112053 0.062147 0.022599 0.008475 0.002825 0.000942 
0.538100 0.251176 0.114770 0.056444 0.022578 0.013170 0.002822 0.000941 
0.538100 0.251176 0.114770 0.059266 0.023518 0.008467 0.003763 0.000941 
0.542803 0.233302 0.115710 0.071496 0.021637 0.009407 0.002822 0.002822 
0.539548 0.242938 0.110169 0.073446 0.023540 0.005650 0.003766 0.000942 
0.533396 0.241769 0.117592 0.075259 0.021637 0.008467 0.000941 0.000941 
0.519285 0.248354 0.117592 0.083725 0.020696 0.005644 0.002822 0.001881 
0.498117 0.254237 0.123352 0.084746 0.026365 0.009416 0.001883 0.001883 
0.517404 0.240828 0.111007 0.095955 0.022578 0.006585 0.004704 0.000941 
0.522107 0.246472 0.108184 0.082785 0.025400 0.009407 0.003763 0.001881 
0.510358 0.247646 0.110169 0.098870 0.020716 0.008475 0.002825 0.000942 
0.499530 0.246472 0.122295 0.098777 0.023518 0.003763 0.003763 0.001881 
0.498589 0.242709 0.119473 0.107244 0.019755 0.006585 0.002822 0.002822 
0.503766 0.240113 0.117702 0.107345 0.021657 0.003766 0.003766 0.001883 
0.496707 0.248354 0.112888 0.108184 0.021637 0.006585 0.004704 0.000941 
0.498589 0.243650 0.114770 0.111007 0.021637 0.008467 0.001881 0.000000 
0.476952 0.258702 0.119473 0.113829 0.020696 0.008467 0.001881 0.000000 
0.496707 0.232361 0.135466 0.106303 0.020696 0.004704 0.002822 0.000941 
0.492944 0.234243 0.126058 0.115710 0.022578 0.003763 0.003763 0.000941 
0.481656 0.241769 0.140169 0.104421 0.017874 0.006585 0.004704 0.002822 
0.470810 0.241055 0.138418 0.112053 0.026365 0.006591 0.002825 0.001883 
0.468485 0.238006 0.143932 0.112888 0.024459 0.005644 0.003763 0.002822 
0.473189 0.239887 0.134525 0.117592 0.023518 0.004704 0.003763 0.002822 
0.472248 0.236124 0.146754 0.106303 0.026341 0.006585 0.003763 0.001881 
0.478833 0.211665 0.145814 0.118532 0.029163 0.008467 0.006585 0.000941 
0.464722 0.238946 0.135466 0.121355 0.031044 0.006585 0.001881 0.000000 
0.454374 0.226717 0.147695 0.116651 0.034807 0.011289 0.006585 0.001881 
0.446849 0.234243 0.141110 0.114770 0.043274 0.013170 0.003763 0.002822 
0.447789 0.237065 0.140169 0.114770 0.035748 0.016933 0.005644 0.001881 
0.447789 0.233302 0.134525 0.119473 0.045155 0.015052 0.003763 0.000941 
0.439736 0.236347 0.137476 0.123352 0.038606 0.017891 0.004708 0.001883 
0.439323 0.220132 0.147695 0.111947 0.051740 0.018815 0.007526 0.002822 
0.423330 0.232361 0.142051 0.122295 0.053622 0.019755 0.003763 0.002822 
0.422389 0.233302 0.142992 0.113829 0.057385 0.022578 0.006585 0.000941 
0.424271 0.238006 0.145814 0.111947 0.051740 0.017874 0.008467 0.001881 
0.430856 0.225776 0.143932 0.105362 0.060207 0.026341 0.005644 0.001881 
0.445908 0.211665 0.141110 0.107244 0.065851 0.018815 0.008467 0.000941 
0.424271 0.224835 0.147695 0.111007 0.057385 0.026341 0.005644 0.002822 
0.400753 0.234243 0.142992 0.115710 0.073377 0.022578 0.008467 0.001881 
0.413923 0.224835 0.132643 0.119473 0.068674 0.023518 0.011289 0.005644 
0.402634 0.237065 0.141110 0.112888 0.076199 0.017874 0.009407 0.002822 
0.395108 0.234243 0.142051 0.116651 0.069614 0.030103 0.010348 0.001881 
0.402634 0.218250 0.137347 0.109125 0.085607 0.033866 0.008467 0.004704 
0.381938 0.227658 0.138288 0.117592 0.091251 0.032926 0.008467 0.001881 
0.388523 0.233302 0.140169 0.109125 0.095014 0.021637 0.012230 0.000000 
0.388523 0.203198 0.141110 0.121355 0.094073 0.031985 0.016933 0.002822 
0.371940 0.230697 0.140301 0.112053 0.093220 0.040490 0.009416 0.001883 
0.372531 0.220132 0.137347 0.120414 0.094073 0.038570 0.013170 0.003763 
0.373471 0.233302 0.137347 0.108184 0.100659 0.030103 0.013170 0.003763 
0.393227 0.205080 0.143932 0.110066 0.099718 0.029163 0.014111 0.004704 
0.373120 0.225564 0.130639 0.110902 0.103383 0.030075 0.016917 0.009398 
0.381938 0.194732 0.147695 0.112888 0.101599 0.035748 0.018815 0.006585 
0.369708 0.211665 0.147695 0.108184 0.090310 0.033866 0.030103 0.008467 
0.364662 0.204887 0.143797 0.114662 0.108083 0.029135 0.028195 0.006579 
0.374412 0.215428 0.139229 0.106303 0.092192 0.035748 0.032926 0.003763 
0.361242 0.199436 0.150517 0.108184 0.091251 0.042333 0.036689 0.010348 
0.360301 0.203198 0.140169 0.111947 0.101599 0.039511 0.031985 0.011289 
0.343368 0.210724 0.139229 0.116651 0.110066 0.041392 0.026341 0.012230 
0.343368 0.218250 0.142051 0.108184 0.105362 0.045155 0.025400 0.012230 
0.348071 0.209784 0.128881 0.114770 0.091251 0.059266 0.032926 0.015052 
0.351834 0.199436 0.151458 0.100659 0.099718 0.055503 0.025400 0.015992 
0.329257 0.215428 0.141110 0.118532 0.095014 0.058325 0.030103 0.012230 
0.336783 0.202258 0.140169 0.114770 0.107244 0.050800 0.026341 0.021637 
0.319849 0.206961 0.144873 0.110066 0.107244 0.055503 0.037629 0.017874 
0.323612 0.206961 0.137347 0.119473 0.106303 0.065851 0.026341 0.014111 
0.325494 0.194732 0.151458 0.105362 0.104421 0.072437 0.032926 0.013170 
0.323308 0.201128 0.133459 0.112782 0.107143 0.078008 0.028195 0.015977 
0.309501 0.201317 0.142051 0.114770 0.113829 0.073377 0.030103 0.015052 
0.301035 0.200376 0.139229 0.118532 0.111007 0.082785 0.030103 0.016933 
0.304511 0.189850 0.149436 0.112782 0.107143 0.086466 0.028195 0.021617 
0.307620 0.198495 0.139229 0.107244 0.099718 0.090310 0.036689 0.020696 
0.296331 0.201317 0.142992 0.108184 0.101599 0.082785 0.042333 0.024459 
0.282220 0.199436 0.139229 0.117592 0.104421 0.102540 0.037629 0.016933 
0.295390 0.182502 0.144873 0.115710 0.104421 0.104421 0.034807 0.017874 
0.276576 0.209784 0.144873 0.112888 0.101599 0.095014 0.036689 0.022578 
0.296331 0.190028 0.143932 0.111007 0.109125 0.094073 0.034807 0.020696 
0.281015 0.187030 0.151316 0.110902 0.106203 0.105263 0.042293 0.015977 
0.282220 0.189087 0.139229 0.114770 0.105362 0.099718 0.042333 0.027281 
0.285042 0.191910 0.137347 0.109125 0.105362 0.094073 0.055503 0.021637 
0.268797 0.192669 0.143797 0.115602 0.104323 0.100564 0.048872 0.025376 
0.276576 0.207902 0.129821 0.110066 0.103481 0.094073 0.058325 0.019755 
0.279398 0.190969 0.137347 0.105362 0.096896 0.096896 0.063970 0.029163 
0.262465 0.186265 0.141110 0.115710 0.113829 0.097836 0.056444 0.026341 
0.260338 0.189850 0.133459 0.111842 0.107143 0.099624 0.073308 0.024436 
0.263405 0.190969 0.151458 0.106303 0.096896 0.094073 0.076199 0.020696 
0.256820 0.185325 0.139229 0.106303 0.104421 0.103481 0.080903 0.023518 
0.252820 0.202068 0.125940 0.115602 0.098684 0.091165 0.086466 0.027256 
0.248354 0.180621 0.148636 0.104421 0.104421 0.103481 0.086548 0.023518 
0.249294 0.167451 0.144873 0.112888 0.112888 0.104421 0.083725 0.024459 
0.249060 0.184211 0.129699 0.109023 0.109023 0.100564 0.086466 0.031955 
0.237065 0.179680 0.138288 0.119473 0.109125 0.107244 0.091251 0.017874 
0.243650 0.186265 0.132643 0.113829 0.101599 0.097836 0.093133 0.031044 
0.232143 0.177632 0.138158 0.113722 0.112782 0.101504 0.099624 0.024436 
0.223895 0.190028 0.140169 0.112888 0.104421 0.102540 0.097836 0.028222 
0.218250 0.194732 0.134525 0.119473 0.108184 0.102540 0.096896 0.025400 
0.227444 0.170113 0.145677 0.121241 0.109023 0.101504 0.093045 0.031955 
0.206767 0.175752 0.138158 0.121241 0.112782 0.109023 0.109023 0.027256 
0.217310 0.175917 0.142051 0.119473 0.110066 0.103481 0.095014 0.036689 
0.207902 0.182502 0.139229 0.126999 0.111947 0.106303 0.101599 0.023518 
0.211466 0.178571 0.135338 0.128759 0.106203 0.106203 0.102444 0.031015 
0.202068 0.183271 0.133459 0.132519 0.109023 0.106203 0.106203 0.027256 
0.208843 0.175917 0.142992 0.141110 0.106303 0.096896 0.095955 0.031985 
0.191729 0.180451 0.135338 0.124060 0.124060 0.114662 0.095865 0.033835 
0.193609 0.160714 0.147556 0.143797 0.107143 0.105263 0.100564 0.041353 
0.196613 0.165569 0.139229 0.131703 0.118532 0.111947 0.093133 0.043274 
0.188910 0.162594 0.147556 0.140038 0.110902 0.102444 0.098684 0.048872 
0.179511 0.167293 0.140038 0.136278 0.110902 0.104323 0.100564 0.061090 
0.181562 0.170273 0.147695 0.137347 0.107244 0.106303 0.094073 0.055503 
0.182502 0.160865 0.151458 0.145814 0.110066 0.099718 0.097836 0.051740 
0.180451 0.167293 0.135338 0.132519 0.118421 0.098684 0.097744 0.069549 
0.167451 0.158984 0.134525 0.130762 0.122295 0.115710 0.097836 0.072437 
0.174976 0.159925 0.145814 0.142992 0.102540 0.102540 0.102540 0.068674 
0.171053 0.153195 0.136278 0.134398 0.113722 0.109962 0.103383 0.078008 
0.159774 0.157895 0.141917 0.140977 0.110902 0.103383 0.103383 0.081767 
0.156162 0.151458 0.151458 0.147695 0.108184 0.100659 0.095955 0.088429 
0.159774 0.155075 0.143797 0.140977 0.115602 0.107143 0.093985 0.083647 
0.168233 0.141917 0.134398 0.128759 0.118421 0.111842 0.103383 0.093045 
0.153340 0.144873 0.143932 0.141110 0.113829 0.108184 0.103481 0.091251 
0.159774 0.145677 0.144737 0.141917 0.109962 0.103383 0.097744 0.096805 
0.155075 0.147556 0.144737 0.135338 0.110902 0.105263 0.100564 0.100564 
0.156162 0.144873 0.139229 0.121355 0.113829 0.111007 0.107244 0.106303 
0.156015 0.138158 0.133459 0.128759 0.115602 0.113722 0.108083 0.106203 
0.157895 0.145677 0.136278 0.125000 0.123120 0.104323 0.104323 0.103383 
0.159925 0.146754 0.143932 0.126999 0.111007 0.111007 0.101599 0.098777 
0.157103 0.143932 0.140169 0.120414 0.117592 0.112888 0.108184 0.099718 
0.151316 0.149436 0.141917 0.120301 0.117481 0.109962 0.109023 0.100564 
0.710923 0.176083 0.066855 0.028249 0.012241 0.002825 0.001883 0.000942 
0.708373 0.174036 0.073377 0.027281 0.012230 0.002822 0.000941 0.000941 
0.705273 0.173258 0.074388 0.030132 0.012241 0.002825 0.000942 0.000942 
0.703390 0.171375 0.080038 0.029190 0.011299 0.002825 0.000942 0.000942 
0.696143 0.172154 0.081844 0.031044 0.012230 0.002822 0.001881 0.001881 
0.694915 0.171375 0.084746 0.034840 0.009416 0.002825 0.000942 0.000942 
0.692090 0.170433 0.082863 0.037665 0.012241 0.002825 0.000942 0.000942 
0.683616 0.172316 0.090395 0.036723 0.012241 0.002825 0.000942 0.000942 
0.682032 0.171214 0.094073 0.035748 0.012230 0.002822 0.000941 0.000941 
0.679849 0.166667 0.099812 0.035782 0.011299 0.002825 0.002825 0.000942 
0.672316 0.169492 0.108286 0.032957 0.012241 0.002825 0.000942 0.000942 
0.674506 0.168391 0.101599 0.036689 0.012230 0.003763 0.001881 0.000941 
0.668550 0.165725 0.106403 0.041431 0.012241 0.002825 0.001883 0.000942 
0.668550 0.165725 0.116761 0.031073 0.010358 0.003766 0.002825 0.000942 
0.661336 0.167451 0.112888 0.040452 0.011289 0.002822 0.001881 0.001881 
0.664783 0.162900 0.116761 0.034840 0.012241 0.005650 0.001883 0.000942 
0.655367 0.163842 0.119586 0.039548 0.011299 0.005650 0.002825 0.001883 
0.652869 0.158043 0.124177 0.044214 0.012230 0.005644 0.001881 0.000941 
0.649718 0.158192 0.128060 0.047081 0.010358 0.002825 0.001883 0.001883 
0.645009 0.161017 0.138418 0.037665 0.011299 0.002825 0.002825 0.000942 
0.640640 0.161806 0.134525 0.040452 0.010348 0.005644 0.003763 0.002822 
0.643126 0.158192 0.139360 0.042373 0.009416 0.003766 0.002825 0.000942 
0.639360 0.154426 0.149718 0.041431 0.009416 0.001883 0.001883 0.001883 
0.638418 0.147834 0.145009 0.048964 0.010358 0.005650 0.002825 0.000942 
0.628410 0.159925 0.151458 0.038570 0.011289 0.006585 0.002822 0.000941 
0.636877 0.151458 0.143932 0.049859 0.009407 0.003763 0.002822 0.001881 
0.622411 0.156309 0.145009 0.055556 0.012241 0.003766 0.002825 0.001883 
0.625588 0.155221 0.146754 0.054563 0.011289 0.002822 0.001881 0.001881 
0.614299 0.157103 0.151458 0.056444 0.011289 0.003763 0.002822 0.002822 
0.612053 0.155367 0.145951 0.064972 0.010358 0.006591 0.002825 0.001883 
0.603951 0.160865 0.148636 0.070555 0.008467 0.003763 0.002822 0.000941 
0.596425 0.166510 0.152399 0.066792 0.010348 0.002822 0.002822 0.001881 
0.604520 0.156309 0.144068 0.073446 0.009416 0.005650 0.003766 0.002825 
0.595104 0.160075 0.153484 0.076271 0.006591 0.003766 0.002825 0.001883 
0.606773 0.149577 0.145814 0.077140 0.010348 0.005644 0.002822 0.001881 
0.586629 0.158192 0.151601 0.082863 0.010358 0.005650 0.002825 0.001883 
0.577213 0.154426 0.145951 0.099812 0.010358 0.005650 0.003766 0.002825 
0.586077 0.152399 0.150517 0.097836 0.005644 0.003763 0.001881 0.001881 
0.584746 0.150659 0.146893 0.097928 0.009416 0.005650 0.002825 0.001883 
0.569680 0.151601 0.147834 0.107345 0.011299 0.005650 0.003766 0.002825 
0.574788 0.156162 0.138288 0.110066 0.009407 0.005644 0.002822 0.002822 
0.568203 0.153340 0.145814 0.112888 0.007526 0.006585 0.002822 0.002822 
0.559322 0.163842 0.147834 0.110169 0.009416 0.004708 0.002825 0.001883 
0.569144 0.145814 0.138288 0.125118 0.010348 0.005644 0.004704 0.000941 
0.573848 0.148636 0.142051 0.116651 0.008467 0.006585 0.003763 0.000000 
0.549906 0.150659 0.145951 0.133710 0.010358 0.005650 0.002825 0.000942 
0.555033 0.148636 0.145814 0.129821 0.007526 0.006585 0.004704 0.001881 
0.550329 0.151458 0.139229 0.138288 0.009407 0.004704 0.004704 0.001881 
0.545198 0.156309 0.139360 0.138418 0.007533 0.005650 0.005650 0.001883 
0.545198 0.147834 0.144068 0.143126 0.010358 0.005650 0.002825 0.000942 
0.537159 0.151458 0.144873 0.141110 0.010348 0.006585 0.006585 0.001881 
0.533396 0.157103 0.147695 0.143932 0.006585 0.006585 0.002822 0.001881 
0.526365 0.151601 0.151601 0.145951 0.011299 0.005650 0.004708 0.002825 
0.535278 0.152399 0.149577 0.142051 0.010348 0.003763 0.003763 0.002822 
0.532455 0.152399 0.148636 0.140169 0.009407 0.008467 0.004704 0.003763 
0.529190 0.159134 0.149718 0.140301 0.007533 0.006591 0.003766 0.003766 
0.524929 0.163688 0.155221 0.135466 0.009407 0.005644 0.003763 0.001881 
0.523048 0.157103 0.148636 0.147695 0.012230 0.005644 0.003763 0.001881 
0.525870 0.159925 0.154280 0.140169 0.009407 0.004704 0.003763 0.001881 
0.519774 0.162900 0.157250 0.129002 0.011299 0.008475 0.008475 0.002825 
0.510818 0.169332 0.153340 0.135466 0.010348 0.010348 0.007526 0.002822 
0.504233 0.166510 0.164628 0.135466 0.012230 0.010348 0.003763 0.002822 
0.488701 0.185499 0.158192 0.145009 0.009416 0.007533 0.002825 0.002825 
0.503293 0.172154 0.159925 0.142051 0.008467 0.007526 0.004704 0.001881 
0.507056 0.173095 0.152399 0.145814 0.010348 0.004704 0.004704 0.001881 
0.500000 0.180791 0.161017 0.137476 0.011299 0.006591 0.001883 0.000942 
0.493885 0.183443 0.152399 0.150517 0.010348 0.003763 0.003763 0.001881 
0.485419 0.193791 0.156162 0.147695 0.006585 0.005644 0.002822 0.001881 
0.469868 0.200565 0.159134 0.143126 0.010358 0.008475 0.006591 0.001883 
0.482596 0.198495 0.154280 0.143932 0.007526 0.007526 0.003763 0.001881 
0.477893 0.206021 0.159925 0.141110 0.006585 0.004704 0.002822 0.000941 
0.488241 0.197554 0.157103 0.139229 0.005644 0.004704 0.004704 0.002822 
0.471308 0.212606 0.149577 0.144873 0.009407 0.005644 0.003763 0.002822 
0.463782 0.220132 0.158984 0.133584 0.008467 0.006585 0.006585 0.001881 
0.454374 0.225776 0.158043 0.138288 0.010348 0.009407 0.003763 0.000000 
0.452919 0.225989 0.151601 0.150659 0.006591 0.005650 0.004708 0.001883 
0.449671 0.222954 0.166510 0.141110 0.008467 0.005644 0.003763 0.001881 
0.448730 0.224835 0.163688 0.142992 0.007526 0.006585 0.003763 0.001881 
0.458137 0.224835 0.158043 0.139229 0.007526 0.005644 0.004704 0.001881 
0.445908 0.219191 0.161806 0.136406 0.015052 0.010348 0.009407 0.001881 
0.461900 0.212606 0.155221 0.141110 0.012230 0.008467 0.006585 0.001881 
0.437441 0.232361 0.149577 0.146754 0.015992 0.007526 0.007526 0.002822 
0.437441 0.213547 0.169332 0.140169 0.020696 0.008467 0.007526 0.002822 
0.424271 0.222954 0.154280 0.146754 0.027281 0.011289 0.008467 0.004704 
0.434619 0.222954 0.166510 0.119473 0.033866 0.010348 0.008467 0.003763 
0.414313 0.232580 0.155367 0.141243 0.030132 0.016949 0.005650 0.003766 
0.428975 0.220132 0.153340 0.135466 0.033866 0.012230 0.010348 0.005644 
0.417686 0.218250 0.165569 0.135466 0.042333 0.011289 0.009407 0.000000 
0.428034 0.209784 0.161806 0.125118 0.046096 0.012230 0.012230 0.004704 
0.406397 0.220132 0.151458 0.148636 0.043274 0.017874 0.010348 0.001881 
0.419567 0.210724 0.172154 0.117592 0.046096 0.015992 0.015052 0.002822 
0.406397 0.209784 0.159925 0.132643 0.053622 0.021637 0.012230 0.003763 
0.410160 0.201317 0.162747 0.136406 0.053622 0.017874 0.015052 0.002822 
0.405456 0.210724 0.153340 0.131703 0.062088 0.020696 0.015052 0.000941 
0.395108 0.209784 0.160865 0.134525 0.066792 0.016933 0.013170 0.002822 
0.385701 0.219191 0.161806 0.123236 0.067733 0.022578 0.016933 0.002822 
0.396049 0.190969 0.156162 0.143932 0.066792 0.021637 0.019755 0.004704 
0.393227 0.196613 0.173095 0.117592 0.072437 0.022578 0.015992 0.008467 
0.364064 0.213547 0.158043 0.139229 0.071496 0.031044 0.016933 0.005644 
0.359360 0.220132 0.173095 0.127940 0.078081 0.019755 0.015992 0.005644 
0.377234 0.187206 0.167451 0.136406 0.077140 0.030103 0.019755 0.004704 
0.373823 0.206215 0.161959 0.132768 0.086629 0.020716 0.013183 0.004708 
0.370649 0.196613 0.160865 0.134525 0.090310 0.024459 0.015052 0.007526 
0.380997 0.200376 0.151458 0.138288 0.086548 0.029163 0.011289 0.001881 
0.372531 0.196613 0.154280 0.132643 0.092192 0.027281 0.016933 0.007526 
0.356203 0.207707 0.146617 0.144737 0.087406 0.030075 0.021617 0.005639 
0.362183 0.194732 0.164628 0.128881 0.085607 0.030103 0.028222 0.005644 
0.339605 0.206961 0.170273 0.129821 0.092192 0.031044 0.021637 0.008467 
0.343045 0.196429 0.165414 0.127820 0.088346 0.044173 0.026316 0.008459 
0.337723 0.210724 0.156162 0.126999 0.093133 0.033866 0.031044 0.010348 
0.339605 0.200376 0.159925 0.124177 0.095955 0.038570 0.031044 0.010348 
0.339605 0.192850 0.158043 0.141110 0.085607 0.046096 0.028222 0.008467 
0.333020 0.195673 0.163688 0.136406 0.080903 0.052681 0.031044 0.006585 
0.338664 0.193791 0.149577 0.129821 0.100659 0.048918 0.028222 0.010348 
0.328316 0.186265 0.164628 0.129821 0.087488 0.062088 0.029163 0.012230 
0.324553 0.198495 0.148636 0.127940 0.090310 0.056444 0.037629 0.015992 
0.320790 0.192850 0.169332 0.126999 0.081844 0.056444 0.031985 0.019755 
0.328316 0.187206 0.155221 0.126058 0.089370 0.060207 0.034807 0.018815 
0.311383 0.192850 0.160865 0.129821 0.096896 0.071496 0.021637 0.015052 
0.323612 0.177799 0.160865 0.128881 0.090310 0.063970 0.033866 0.020696 
0.304798 0.183443 0.155221 0.139229 0.095014 0.069614 0.033866 0.018815 
0.290414 0.192669 0.161654 0.129699 0.090226 0.081767 0.031015 0.022556 
0.288805 0.196613 0.162747 0.132643 0.091251 0.073377 0.035748 0.018815 
0.298213 0.185325 0.144873 0.142992 0.091251 0.078081 0.039511 0.019755 
0.289474 0.187030 0.156015 0.131579 0.093985 0.086466 0.031955 0.023496 
0.289746 0.192850 0.153340 0.117592 0.110066 0.082785 0.031985 0.021637 
0.286924 0.189087 0.155221 0.126999 0.097836 0.089370 0.029163 0.025400 
0.272813 0.189087 0.155221 0.133584 0.095014 0.088429 0.038570 0.027281 
0.286924 0.179680 0.156162 0.119473 0.111007 0.090310 0.031044 0.025400 
0.279398 0.183443 0.147695 0.146754 0.095955 0.092192 0.030103 0.024459 
0.287865 0.170273 0.150517 0.126999 0.099718 0.092192 0.044214 0.028222 
0.285714 0.168233 0.164474 0.112782 0.099624 0.097744 0.040414 0.031015 
0.271872 0.180621 0.148636 0.130762 0.106303 0.098777 0.039511 0.023518 
0.266228 0.178739 0.163688 0.110066 0.105362 0.093133 0.049859 0.032926 
0.251880 0.186090 0.161654 0.129699 0.105263 0.100564 0.045113 0.019737 
0.257761 0.182502 0.143932 0.129821 0.103481 0.099718 0.053622 0.029163 
0.248354 0.175917 0.153340 0.131703 0.106303 0.096896 0.065851 0.021637 
0.262465 0.170273 0.159925 0.121355 0.099718 0.093133 0.065851 0.027281 
0.256579 0.175752 0.156955 0.113722 0.107143 0.105263 0.060150 0.024436 
0.254939 0.165569 0.164628 0.110066 0.107244 0.105362 0.070555 0.021637 
0.254939 0.164628 0.161806 0.116651 0.106303 0.095955 0.079022 0.020696 
0.227444 0.175752 0.159774 0.130639 0.100564 0.096805 0.086466 0.022556 
0.235183 0.165569 0.158043 0.125118 0.103481 0.101599 0.083725 0.027281 
0.225776 0.173095 0.143932 0.136406 0.104421 0.095014 0.094073 0.027281 
0.217105 0.169173 0.158835 0.128759 0.108083 0.099624 0.094925 0.023496 
0.232361 0.169332 0.138288 0.125118 0.109125 0.097836 0.097836 0.030103 
0.227658 0.167451 0.155221 0.117592 0.100659 0.099718 0.098777 0.032926 
0.218045 0.166353 0.152256 0.122180 0.112782 0.104323 0.099624 0.024436 
0.202258 0.172154 0.149577 0.120414 0.118532 0.106303 0.098777 0.031985 
0.202258 0.165569 0.148636 0.126999 0.114770 0.110066 0.104421 0.027281 
0.209586 0.161654 0.155075 0.125000 0.113722 0.110902 0.096805 0.027256 
0.209586 0.158835 0.150376 0.126880 0.125000 0.098684 0.098684 0.031955 
0.187206 0.164628 0.157103 0.130762 0.128881 0.108184 0.101599 0.021637 
0.199436 0.158984 0.144873 0.140169 0.131703 0.101599 0.096896 0.026341 
0.181391 0.160714 0.158835 0.130639 0.123120 0.112782 0.099624 0.032895 
0.182331 0.169173 0.158835 0.144737 0.120301 0.102444 0.098684 0.023496 
0.189087 0.169332 0.158043 0.133584 0.113829 0.105362 0.092192 0.038570 
0.175752 0.163534 0.156955 0.137218 0.122180 0.107143 0.100564 0.036654 
0.171053 0.170113 0.153195 0.138158 0.120301 0.104323 0.100564 0.042293 
0.180621 0.157103 0.156162 0.149577 0.117592 0.103481 0.085607 0.049859 
0.180451 0.160714 0.155075 0.140977 0.106203 0.106203 0.104323 0.046053 
0.177632 0.149436 0.149436 0.142857 0.122180 0.104323 0.099624 0.054511 
0.177799 0.156162 0.141110 0.135466 0.120414 0.103481 0.094073 0.071496 
0.162747 0.158984 0.153340 0.140169 0.114770 0.103481 0.101599 0.064911 
0.163534 0.154135 0.154135 0.136278 0.115602 0.109962 0.101504 0.064850 
0.163688 0.161806 0.144873 0.142051 0.119473 0.106303 0.101599 0.060207 
0.158984 0.158984 0.142992 0.140169 0.116651 0.106303 0.101599 0.074318 
0.162594 0.152256 0.150376 0.135338 0.109962 0.109023 0.101504 0.078947 
0.156955 0.149436 0.141917 0.138158 0.119361 0.106203 0.106203 0.081767 
0.160865 0.149577 0.140169 0.134525 0.115710 0.107244 0.105362 0.086548 
0.157895 0.144737 0.140977 0.137218 0.128759 0.099624 0.096805 0.093985 
0.152256 0.146617 0.135338 0.128759 0.119361 0.117481 0.107143 0.093045 
0.162747 0.153340 0.139229 0.128881 0.113829 0.111007 0.106303 0.084666 
0.149436 0.146617 0.146617 0.125000 0.118421 0.114662 0.099624 0.099624 
0.143797 0.142857 0.140038 0.128759 0.119361 0.118421 0.106203 0.100564 
0.151458 0.143932 0.132643 0.129821 0.117592 0.110066 0.110066 0.104421 
0.152256 0.150376 0.138158 0.118421 0.115602 0.114662 0.109023 0.101504 
0.151316 0.150376 0.127820 0.126880 0.118421 0.115602 0.109962 0.099624 
0.162747 0.150517 0.141110 0.120414 0.108184 0.107244 0.106303 0.103481 
0.157103 0.134525 0.132643 0.130762 0.114770 0.112888 0.110066 0.107244 
0.148496 0.141917 0.135338 0.128759 0.118421 0.115602 0.111842 0.099624 
0.867232 0.053672 0.042373 0.024482 0.009416 0.002825 0.000000 0.000000 
0.862653 0.060207 0.041392 0.023518 0.009407 0.002822 0.000000 0.000000 
0.857815 0.063089 0.042373 0.023540 0.009416 0.003766 0.000000 0.000000 
0.856874 0.064030 0.042373 0.024482 0.009416 0.002825 0.000000 0.000000 
0.849483 0.068674 0.042333 0.023518 0.012230 0.003763 0.000000 0.000000 
0.854049 0.067797 0.040490 0.023540 0.010358 0.003766 0.000000 0.000000 
0.845574 0.074388 0.040490 0.023540 0.011299 0.004708 0.000000 0.000000 
0.840866 0.080038 0.042373 0.023540 0.010358 0.002825 0.000000 0.000000 
0.844779 0.075259 0.041392 0.023518 0.011289 0.003763 0.000000 0.000000 
0.836158 0.082863 0.042373 0.022599 0.011299 0.004708 0.000000 0.000000 
0.831450 0.086629 0.041431 0.023540 0.010358 0.006591 0.000000 0.000000 
0.831609 0.092192 0.039511 0.021637 0.010348 0.004704 0.000000 0.000000 
0.833333 0.091337 0.038606 0.019774 0.011299 0.005650 0.000000 0.000000 
0.822034 0.097928 0.040490 0.024482 0.010358 0.004708 0.000000 0.000000 
0.814675 0.102540 0.043274 0.021637 0.013170 0.004704 0.000000 0.000000 
0.814501 0.105461 0.039548 0.023540 0.011299 0.005650 0.000000 0.000000 
0.811676 0.108286 0.041431 0.022599 0.010358 0.005650 0.000000 0.000000 
0.805268 0.115710 0.041392 0.022578 0.010348 0.004704 0.000000 0.000000 
0.806968 0.110169 0.037665 0.023540 0.013183 0.007533 0.000942 0.000000 
0.790019 0.134652 0.035782 0.021657 0.009416 0.008475 0.000000 0.000000 
0.798683 0.119473 0.040452 0.024459 0.010348 0.006585 0.000000 0.000000 
0.790960 0.126177 0.037665 0.022599 0.017891 0.003766 0.000942 0.000000 
0.793785 0.128060 0.041431 0.018832 0.011299 0.006591 0.000000 0.000000 
0.800377 0.122411 0.038606 0.020716 0.009416 0.007533 0.000942 0.000000 
0.793039 0.131703 0.036689 0.021637 0.010348 0.006585 0.000000 0.000000 
0.785513 0.132643 0.039511 0.019755 0.013170 0.007526 0.000941 0.000941 
0.777778 0.139360 0.040490 0.020716 0.014124 0.007533 0.000000 0.000000 
0.770461 0.135466 0.043274 0.022578 0.015052 0.012230 0.000941 0.000000 
0.767639 0.143932 0.039511 0.021637 0.016933 0.010348 0.000000 0.000000 
0.765537 0.133710 0.040490 0.022599 0.022599 0.015066 0.000000 0.000000 
0.757291 0.137347 0.045155 0.025400 0.021637 0.012230 0.000941 0.000000 
0.751646 0.141110 0.041392 0.034807 0.021637 0.009407 0.000000 0.000000 
0.756121 0.132768 0.045198 0.032015 0.020716 0.012241 0.000942 0.000000 
0.742938 0.146893 0.043315 0.032957 0.022599 0.011299 0.000000 0.000000 
0.748824 0.128881 0.045155 0.042333 0.018815 0.015052 0.000941 0.000000 
0.737288 0.137476 0.047081 0.043315 0.021657 0.013183 0.000000 0.000000 
0.732580 0.132768 0.050847 0.048964 0.019774 0.013183 0.000942 0.000942 
0.727187 0.137347 0.052681 0.047977 0.023518 0.010348 0.000941 0.000000 
0.725047 0.144068 0.048023 0.047081 0.021657 0.012241 0.001883 0.000000 
0.723164 0.142185 0.061205 0.038606 0.019774 0.015066 0.000000 0.000000 
0.718721 0.141110 0.067733 0.047037 0.015052 0.010348 0.000000 0.000000 
0.703669 0.144873 0.067733 0.050800 0.020696 0.012230 0.000000 0.000000 
0.717514 0.134652 0.064972 0.046139 0.022599 0.009416 0.003766 0.000942 
0.711195 0.140169 0.066792 0.052681 0.017874 0.010348 0.000941 0.000000 
0.708373 0.137347 0.071496 0.050800 0.016933 0.013170 0.001881 0.000000 
0.698682 0.144068 0.074388 0.054614 0.018832 0.009416 0.000000 0.000000 
0.694262 0.138288 0.081844 0.050800 0.016933 0.014111 0.003763 0.000000 
0.685795 0.142051 0.093133 0.048918 0.019755 0.009407 0.000941 0.000000 
0.683616 0.139360 0.096045 0.048964 0.018832 0.011299 0.000942 0.000942 
0.680791 0.139360 0.095104 0.056497 0.017891 0.009416 0.000942 0.000000 
0.677328 0.137347 0.107244 0.048918 0.017874 0.011289 0.000000 0.000000 
0.674506 0.141110 0.089370 0.058325 0.021637 0.013170 0.000941 0.000941 
0.679849 0.128060 0.108286 0.052731 0.015066 0.015066 0.000942 0.000000 
0.672625 0.136406 0.100659 0.057385 0.018815 0.011289 0.002822 0.000000 
0.657573 0.145814 0.095014 0.074318 0.015992 0.011289 0.000000 0.000000 
0.665725 0.136535 0.096987 0.071563 0.016008 0.013183 0.000000 0.000000 
0.668862 0.126999 0.096896 0.076199 0.020696 0.007526 0.001881 0.000941 
0.650047 0.138288 0.102540 0.073377 0.021637 0.012230 0.001881 0.000000 
0.652869 0.140169 0.087488 0.085607 0.020696 0.007526 0.005644 0.000000 
0.643126 0.139360 0.096987 0.089454 0.019774 0.010358 0.000942 0.000000 
0.638758 0.141110 0.097836 0.090310 0.015992 0.013170 0.002822 0.000000 
0.642521 0.137347 0.096896 0.095014 0.016933 0.009407 0.001881 0.000000 
0.635593 0.135593 0.101695 0.096987 0.017891 0.010358 0.000942 0.000942 
0.625588 0.135466 0.106303 0.104421 0.015992 0.012230 0.000000 0.000000 
0.622766 0.139229 0.110066 0.099718 0.015052 0.011289 0.000941 0.000941 
0.616761 0.130885 0.118644 0.102637 0.016008 0.012241 0.001883 0.000942 
0.614299 0.136406 0.125118 0.095955 0.015052 0.011289 0.001881 0.000000 
0.619003 0.131703 0.127940 0.095014 0.015052 0.010348 0.000941 0.000000 
0.608286 0.137476 0.121469 0.102637 0.016949 0.010358 0.001883 0.000942 
0.601129 0.136406 0.131703 0.098777 0.015992 0.013170 0.001881 0.000941 
0.594544 0.140169 0.134525 0.099718 0.017874 0.009407 0.001881 0.001881 
0.601129 0.140169 0.135466 0.099718 0.012230 0.009407 0.000941 0.000941 
0.586077 0.137347 0.136406 0.103481 0.018815 0.015992 0.001881 0.000000 
0.597366 0.134525 0.127940 0.104421 0.015992 0.015992 0.001881 0.001881 
0.592662 0.147695 0.136406 0.093133 0.017874 0.009407 0.001881 0.000941 
0.575330 0.153484 0.140301 0.101695 0.017891 0.008475 0.001883 0.000942 
0.578551 0.160865 0.135466 0.097836 0.015992 0.006585 0.003763 0.000941 
0.580433 0.147695 0.138288 0.103481 0.018815 0.008467 0.001881 0.000941 
0.586077 0.153340 0.131703 0.100659 0.017874 0.006585 0.001881 0.001881 
0.560677 0.167451 0.140169 0.089370 0.017874 0.015992 0.006585 0.001881 
0.555974 0.172154 0.140169 0.087488 0.020696 0.019755 0.002822 0.000941 
0.570085 0.169332 0.124177 0.095955 0.023518 0.015992 0.000941 0.000000 
0.557855 0.162747 0.122295 0.098777 0.027281 0.023518 0.006585 0.000941 
0.554092 0.160865 0.132643 0.094073 0.037629 0.017874 0.002822 0.000000 
0.559737 0.152399 0.126999 0.099718 0.037629 0.017874 0.003763 0.001881 
0.551789 0.157250 0.129002 0.097928 0.036723 0.022599 0.002825 0.001883 
0.547507 0.158043 0.121355 0.106303 0.037629 0.023518 0.004704 0.000941 
0.541863 0.150517 0.132643 0.105362 0.034807 0.030103 0.003763 0.000941 
0.548448 0.159925 0.124177 0.087488 0.042333 0.026341 0.010348 0.000941 
0.523989 0.159925 0.134525 0.094073 0.054563 0.023518 0.005644 0.003763 
0.518344 0.150517 0.134525 0.105362 0.049859 0.032926 0.006585 0.001881 
0.523048 0.153340 0.119473 0.105362 0.058325 0.027281 0.010348 0.002822 
0.523989 0.159925 0.125118 0.090310 0.059266 0.028222 0.010348 0.002822 
0.524929 0.154280 0.120414 0.101599 0.065851 0.024459 0.008467 0.000000 
0.496707 0.158043 0.136406 0.102540 0.062088 0.031985 0.011289 0.000941 
0.512700 0.142992 0.124177 0.109125 0.073377 0.031044 0.004704 0.001881 
0.502352 0.160865 0.124177 0.095014 0.067733 0.037629 0.011289 0.000941 
0.500470 0.153340 0.126999 0.099718 0.075259 0.032926 0.009407 0.001881 
0.479774 0.151458 0.131703 0.106303 0.087488 0.031044 0.009407 0.002822 
0.477893 0.155221 0.141110 0.095014 0.081844 0.032926 0.013170 0.002822 
0.490122 0.148636 0.126999 0.105362 0.079962 0.037629 0.009407 0.001881 
0.470810 0.169492 0.140301 0.082863 0.081921 0.043315 0.009416 0.001883 
0.480715 0.151458 0.116651 0.100659 0.092192 0.043274 0.012230 0.002822 
0.476011 0.143932 0.126999 0.104421 0.086548 0.047977 0.009407 0.004704 
0.483537 0.145814 0.124177 0.101599 0.088429 0.029163 0.023518 0.003763 
0.465226 0.144737 0.128759 0.109023 0.088346 0.036654 0.021617 0.005639 
0.459078 0.146754 0.132643 0.103481 0.092192 0.044214 0.015052 0.006585 
0.470367 0.146754 0.123236 0.098777 0.096896 0.034807 0.024459 0.004704 
0.457707 0.142857 0.133459 0.100564 0.091165 0.037594 0.031955 0.004699 
0.463782 0.147695 0.118532 0.100659 0.098777 0.031985 0.029163 0.009407 
0.444026 0.156162 0.127940 0.100659 0.096896 0.038570 0.029163 0.006585 
0.435560 0.155221 0.131703 0.096896 0.095955 0.043274 0.034807 0.006585 
0.444026 0.151458 0.117592 0.104421 0.098777 0.047037 0.025400 0.011289 
0.430856 0.151458 0.130762 0.101599 0.088429 0.050800 0.034807 0.011289 
0.434619 0.146754 0.115710 0.111947 0.095014 0.044214 0.040452 0.011289 
0.419567 0.161806 0.123236 0.094073 0.094073 0.046096 0.045155 0.015992 
0.415804 0.149577 0.135466 0.100659 0.095955 0.057385 0.037629 0.007526 
0.414864 0.155221 0.124177 0.096896 0.089370 0.063970 0.044214 0.011289 
0.408278 0.145814 0.128881 0.101599 0.099718 0.062088 0.038570 0.015052 
0.403575 0.142051 0.129821 0.105362 0.100659 0.069614 0.033866 0.015052 
0.411101 0.146754 0.129821 0.097836 0.091251 0.071496 0.035748 0.015992 
0.399436 0.140977 0.130639 0.107143 0.093985 0.070489 0.046053 0.011278 
0.392286 0.140169 0.127940 0.110066 0.096896 0.070555 0.041392 0.020696 
0.388523 0.150517 0.128881 0.098777 0.093133 0.084666 0.038570 0.016933 
0.384398 0.140977 0.133459 0.109023 0.093045 0.083647 0.037594 0.017857 
0.376294 0.143932 0.127940 0.105362 0.099718 0.095955 0.031985 0.018815 
0.376294 0.145814 0.127940 0.101599 0.095014 0.093133 0.038570 0.021637 
0.368768 0.140169 0.126058 0.106303 0.101599 0.091251 0.046096 0.019755 
0.359360 0.153340 0.134525 0.102540 0.101599 0.100659 0.028222 0.019755 
0.374412 0.149577 0.121355 0.104421 0.103481 0.102540 0.027281 0.016933 
0.350894 0.152399 0.127940 0.111007 0.104421 0.090310 0.043274 0.019755 
0.349624 0.155075 0.132519 0.100564 0.097744 0.093985 0.047932 0.022556 
0.344309 0.151458 0.123236 0.111947 0.107244 0.099718 0.045155 0.016933 
0.353716 0.140169 0.126999 0.102540 0.098777 0.093133 0.055503 0.029163 
0.333647 0.159774 0.119361 0.103383 0.096805 0.095865 0.063910 0.027256 
0.335842 0.140169 0.132643 0.109125 0.097836 0.096896 0.065851 0.021637 
0.336783 0.150517 0.122295 0.106303 0.102540 0.096896 0.059266 0.025400 
0.331138 0.138288 0.129821 0.112888 0.101599 0.091251 0.063029 0.031985 
0.331767 0.146617 0.116541 0.104323 0.103383 0.101504 0.075188 0.020677 
0.329257 0.137347 0.124177 0.105362 0.099718 0.098777 0.078081 0.027281 
0.312324 0.150517 0.125118 0.111947 0.098777 0.094073 0.078081 0.029163 
0.306391 0.152256 0.124060 0.114662 0.103383 0.102444 0.077068 0.019737 
0.308561 0.148636 0.116651 0.108184 0.102540 0.097836 0.082785 0.034807 
0.311383 0.141110 0.122295 0.105362 0.103481 0.102540 0.090310 0.023518 
0.294173 0.155075 0.119361 0.107143 0.098684 0.096805 0.092105 0.036654 
0.296331 0.141110 0.130762 0.106303 0.099718 0.097836 0.095955 0.031985 
0.284102 0.150517 0.126999 0.107244 0.106303 0.101599 0.099718 0.023518 
0.286654 0.147556 0.115602 0.111842 0.107143 0.105263 0.103383 0.022556 
0.266228 0.154280 0.125118 0.115710 0.112888 0.108184 0.091251 0.026341 
0.276576 0.151458 0.126058 0.123236 0.106303 0.096896 0.091251 0.028222 
0.281015 0.135338 0.134398 0.115602 0.106203 0.103383 0.096805 0.027256 
0.275376 0.147556 0.130639 0.126880 0.102444 0.096805 0.091165 0.029135 
0.266228 0.143932 0.126999 0.121355 0.107244 0.099718 0.098777 0.035748 
0.277516 0.139229 0.128881 0.120414 0.105362 0.101599 0.100659 0.026341 
0.263158 0.142857 0.139098 0.119361 0.110902 0.102444 0.090226 0.031955 
0.250000 0.147556 0.144737 0.123120 0.109962 0.103383 0.091165 0.030075 
0.251176 0.149577 0.139229 0.123236 0.103481 0.100659 0.095955 0.036689 
0.249060 0.139098 0.138158 0.115602 0.114662 0.108083 0.093985 0.041353 
0.255639 0.149436 0.141917 0.109023 0.105263 0.103383 0.098684 0.036654 
0.242709 0.140169 0.138288 0.118532 0.111007 0.103481 0.100659 0.045155 
0.230263 0.147556 0.144737 0.124060 0.108083 0.101504 0.096805 0.046992 
0.239662 0.148496 0.130639 0.115602 0.108083 0.105263 0.098684 0.053571 
0.232361 0.132643 0.131703 0.123236 0.107244 0.103481 0.095014 0.074318 
0.234243 0.142992 0.134525 0.108184 0.107244 0.107244 0.105362 0.060207 
0.227444 0.146617 0.140038 0.109962 0.106203 0.103383 0.098684 0.067669 
0.233302 0.139229 0.129821 0.111947 0.111947 0.105362 0.100659 0.067733 
0.206961 0.141110 0.139229 0.116651 0.106303 0.104421 0.102540 0.082785 
0.210526 0.145677 0.140038 0.111842 0.108083 0.106203 0.103383 0.074248 
0.196429 0.141917 0.139098 0.117481 0.113722 0.102444 0.101504 0.087406 
0.197554 0.149577 0.138288 0.117592 0.111947 0.109125 0.096896 0.079022 
0.191729 0.148496 0.145677 0.114662 0.108083 0.098684 0.096805 0.095865 
0.187970 0.148496 0.142857 0.113722 0.109023 0.106203 0.101504 0.090226 
0.199436 0.147695 0.131703 0.112888 0.111007 0.109125 0.097836 0.090310 
0.181391 0.142857 0.141917 0.120301 0.108083 0.104323 0.100564 0.100564 
0.176692 0.140977 0.140977 0.117481 0.109023 0.108083 0.106203 0.100564 
0.179680 0.155221 0.140169 0.111947 0.111007 0.102540 0.101599 0.097836 
0.163534 0.150376 0.137218 0.114662 0.110902 0.110902 0.109962 0.102444 
0.171992 0.145677 0.135338 0.125000 0.108083 0.107143 0.104323 0.102444 
0.165569 0.144873 0.135466 0.124177 0.114770 0.110066 0.106303 0.098777 
0.157103 0.155221 0.134525 0.127940 0.114770 0.108184 0.107244 0.095014 
0.143797 0.140038 0.139098 0.135338 0.123120 0.112782 0.104323 0.101504 
0.710923 0.175141 0.068738 0.028249 0.012241 0.002825 0.000942 0.000942 
0.706491 0.174036 0.071496 0.029163 0.012230 0.002822 0.001881 0.001881 
0.702448 0.173258 0.077213 0.030132 0.012241 0.002825 0.000942 0.000942 
0.701507 0.172316 0.077213 0.029190 0.011299 0.004708 0.002825 0.000942 
