0.836378 0.132141 0.027983 0.003498 
0.828149 0.141135 0.027605 0.003110 
0.822775 0.147688 0.026428 0.003109 
0.813447 0.156238 0.027206 0.003109 
0.806063 0.163234 0.026817 0.003887 
0.800544 0.168740 0.026439 0.004277 
0.797124 0.176448 0.023319 0.003109 
0.788962 0.181889 0.026040 0.003109 
0.774194 0.196269 0.026428 0.003109 
0.772162 0.198289 0.026827 0.002722 
0.757870 0.211426 0.026428 0.004275 
0.757870 0.213758 0.023319 0.005052 
0.747667 0.220840 0.026050 0.005443 
0.741158 0.230470 0.024874 0.003498 
0.734162 0.239021 0.023319 0.003498 
0.722892 0.249514 0.022930 0.004664 
0.724339 0.245723 0.025661 0.004277 
0.719782 0.253401 0.021376 0.005441 
0.703459 0.268947 0.022930 0.004664 
0.703070 0.270113 0.023319 0.003498 
0.680016 0.290824 0.024883 0.004277 
0.678197 0.290711 0.026428 0.004664 
0.675476 0.299650 0.020599 0.004275 
0.670684 0.301322 0.021773 0.006221 
0.653323 0.318694 0.022930 0.005052 
0.659153 0.312864 0.023319 0.004664 
0.658764 0.305091 0.030703 0.005441 
0.647356 0.309487 0.034215 0.008942 
0.633359 0.309876 0.045490 0.011275 
0.628449 0.307423 0.054411 0.009716 
0.613681 0.310144 0.062573 0.013603 
0.613919 0.305599 0.067263 0.013219 
0.603421 0.305210 0.073872 0.017496 
0.598523 0.302371 0.082783 0.016323 
0.588807 0.302371 0.087447 0.021376 
0.578538 0.298600 0.105365 0.017496 
0.568986 0.304314 0.106879 0.019821 
0.571318 0.293820 0.106879 0.027983 
0.569207 0.286159 0.113530 0.031104 
0.546267 0.295879 0.129471 0.028383 
0.535562 0.298873 0.130976 0.034590 
0.530898 0.289545 0.141080 0.038476 
0.522939 0.295879 0.150078 0.031104 
0.517496 0.287714 0.154743 0.040047 
0.497862 0.301982 0.159736 0.040420 
0.492421 0.290711 0.175670 0.041197 
0.497278 0.278383 0.182737 0.041602 
0.491644 0.278663 0.184609 0.045084 
0.471434 0.285659 0.195103 0.047804 
0.458009 0.290435 0.199067 0.052488 
0.468118 0.279160 0.202566 0.050156 
0.458009 0.286159 0.206065 0.049767 
0.456665 0.276331 0.209872 0.057132 
0.437403 0.282271 0.213453 0.066874 
0.438958 0.274883 0.213453 0.072706 
0.426516 0.280327 0.214619 0.078538 
0.414691 0.279440 0.212204 0.093665 
0.408243 0.277994 0.217729 0.096034 
0.408631 0.269051 0.209565 0.112753 
0.391761 0.275942 0.212592 0.119705 
0.385154 0.277886 0.209872 0.127089 
0.371306 0.279549 0.215785 0.133359 
0.364697 0.273328 0.211897 0.150078 
0.364166 0.264672 0.213758 0.157404 
0.344090 0.274495 0.215785 0.165630 
0.343313 0.272551 0.218507 0.165630 
0.340980 0.263997 0.219673 0.175350 
0.320249 0.273222 0.229693 0.176836 
0.312597 0.271384 0.219285 0.196734 
0.317263 0.253888 0.227061 0.201788 
0.294986 0.267392 0.221143 0.216479 
0.286047 0.270890 0.221920 0.221143 
0.281882 0.262053 0.228227 0.227838 
0.273717 0.262442 0.237947 0.225894 
0.266615 0.261174 0.247182 0.225029 
0.266330 0.265552 0.251555 0.216563 
0.269440 0.267885 0.242613 0.220062 
0.865138 0.119316 0.010882 0.004664 
0.858865 0.125194 0.010886 0.005054 
0.848815 0.135639 0.010882 0.004664 
0.842208 0.143024 0.010105 0.004664 
0.833657 0.148853 0.010494 0.006996 
0.832037 0.151244 0.010886 0.005832 
0.821998 0.160902 0.010105 0.006996 
0.810338 0.171007 0.010105 0.008550 
0.806840 0.175670 0.010105 0.007384 
0.799767 0.182737 0.010498 0.006998 
0.789740 0.192382 0.010494 0.007384 
0.789351 0.191994 0.010105 0.008550 
0.777994 0.205677 0.009720 0.006610 
0.768752 0.214536 0.010105 0.006607 
0.759813 0.223863 0.008939 0.007384 
0.757482 0.226584 0.008939 0.006996 
0.746112 0.232115 0.012442 0.009331 
0.738438 0.243296 0.009716 0.008550 
0.731442 0.250291 0.009328 0.008939 
0.726001 0.257287 0.008550 0.008162 
0.713841 0.265552 0.010886 0.009720 
0.711621 0.268947 0.010105 0.009328 
0.701127 0.276331 0.012048 0.010494 
0.687403 0.294323 0.010886 0.007387 
0.685192 0.294209 0.011660 0.008939 
0.683638 0.296541 0.010882 0.008939 
0.685192 0.285270 0.018655 0.010882 
0.662519 0.299767 0.026439 0.011275 
0.664852 0.290047 0.033437 0.011664 
0.650602 0.291877 0.038088 0.019433 
0.639720 0.294209 0.044306 0.021764 
0.629082 0.296656 0.054821 0.019440 
0.615086 0.301322 0.064152 0.019440 
0.624951 0.287213 0.069180 0.018655 
0.609405 0.286047 0.080451 0.024096 
0.595645 0.291213 0.089036 0.024106 
0.586864 0.295375 0.089390 0.028372 
0.579091 0.286825 0.102993 0.031092 
0.576205 0.283437 0.104977 0.035381 
0.566485 0.284215 0.115863 0.033437 
0.560435 0.284881 0.120871 0.033813 
0.544889 0.282938 0.137583 0.034590 
0.538880 0.282659 0.141913 0.036547 
0.536159 0.278771 0.143857 0.041213 
0.524291 0.275942 0.157792 0.041974 
0.513797 0.280218 0.164400 0.041586 
0.500389 0.283826 0.168740 0.047045 
0.502138 0.273999 0.181889 0.041974 
0.483871 0.283327 0.185775 0.047027 
0.481726 0.279160 0.190902 0.048212 
0.470062 0.277216 0.201400 0.051322 
0.470840 0.273717 0.203733 0.051711 
0.461329 0.272833 0.201710 0.064127 
0.457621 0.271384 0.207232 0.063764 
0.446345 0.269440 0.210342 0.073872 
0.441291 0.265552 0.209565 0.083593 
0.420132 0.277108 0.211426 0.091333 
0.410187 0.282271 0.201011 0.106532 
0.405521 0.273328 0.207232 0.113919 
0.404975 0.268169 0.212592 0.114264 
0.395647 0.263894 0.208317 0.132141 
0.386081 0.265941 0.213841 0.134137 
0.374806 0.264386 0.218896 0.141913 
0.366887 0.263117 0.221920 0.148076 
0.358476 0.264386 0.215785 0.161353 
0.351477 0.265552 0.221617 0.161353 
0.343701 0.259720 0.215397 0.181182 
0.340847 0.253401 0.216479 0.189273 
0.321928 0.260886 0.223173 0.194012 
0.310264 0.259331 0.226672 0.203733 
0.308978 0.261174 0.225806 0.204042 
0.299650 0.257287 0.226584 0.216479 
0.297045 0.246890 0.230560 0.225505 
0.288103 0.251555 0.230560 0.229782 
0.276720 0.253789 0.241353 0.228138 
0.269829 0.253888 0.252333 0.223950 
0.259720 0.256998 0.255443 0.227838 
0.864749 0.089390 0.034590 0.011271 
0.855754 0.089036 0.036159 0.019051 
0.846483 0.089390 0.038088 0.026040 
0.837932 0.088613 0.036922 0.036533 
0.827050 0.087058 0.045472 0.040420 
0.819207 0.085925 0.053266 0.041602 
0.814613 0.083949 0.064127 0.037311 
0.802954 0.085892 0.072678 0.038476 
0.795181 0.085503 0.082783 0.036533 
0.783826 0.087869 0.085148 0.043157 
0.775360 0.096386 0.083171 0.045084 
0.764866 0.109600 0.082394 0.043140 
0.757387 0.110031 0.085537 0.047045 
0.749709 0.115041 0.084337 0.050913 
0.741935 0.130587 0.081617 0.045861 
0.731831 0.139914 0.080062 0.048193 
0.723173 0.146190 0.077372 0.053266 
0.713953 0.156238 0.078508 0.051302 
0.705014 0.162845 0.078119 0.054023 
0.698407 0.170618 0.078508 0.052468 
0.687014 0.182348 0.079316 0.051322 
0.682860 0.192382 0.073844 0.050913 
0.673144 0.197435 0.075010 0.054411 
0.662908 0.199844 0.076983 0.060264 
0.657598 0.218422 0.075010 0.048970 
0.657598 0.213370 0.071512 0.057520 
0.647493 0.216867 0.071512 0.064127 
0.641135 0.217341 0.071540 0.069984 
0.631415 0.216952 0.080482 0.071151 
0.621454 0.218033 0.088224 0.072289 
0.612903 0.221531 0.097551 0.068014 
0.603421 0.219673 0.109642 0.067263 
0.596812 0.216952 0.114697 0.071540 
0.588418 0.230082 0.118927 0.062573 
0.577925 0.225418 0.131364 0.065293 
0.572706 0.223561 0.138802 0.064930 
0.558492 0.219588 0.154295 0.067625 
0.545278 0.225806 0.159347 0.069569 
0.545490 0.230171 0.163297 0.061042 
0.534603 0.229393 0.172240 0.063764 
0.526234 0.226195 0.186941 0.060630 
0.520404 0.230470 0.186941 0.062184 
0.513608 0.235226 0.192068 0.059098 
0.498056 0.238725 0.201788 0.061431 
0.493199 0.236300 0.214147 0.056354 
0.490867 0.240964 0.214536 0.053634 
0.474728 0.236003 0.230949 0.058320 
0.464438 0.240964 0.240575 0.054023 
0.457831 0.250291 0.237855 0.054023 
0.453344 0.250778 0.244557 0.051322 
0.444790 0.265552 0.237558 0.052100 
0.444012 0.265163 0.241835 0.048989 
0.430237 0.277497 0.231636 0.060630 
0.428072 0.266330 0.237170 0.068429 
0.416019 0.259331 0.247278 0.077372 
0.409798 0.260109 0.246501 0.083593 
0.404586 0.264672 0.244462 0.086281 
0.398134 0.272551 0.234059 0.095257 
0.391135 0.267496 0.240280 0.101089 
0.383599 0.270113 0.236689 0.109600 
0.374271 0.267781 0.243296 0.114652 
0.371695 0.261664 0.244168 0.122473 
0.363919 0.265941 0.243779 0.126361 
0.356005 0.265449 0.245239 0.133307 
0.346812 0.262053 0.248056 0.143079 
0.341369 0.261664 0.242224 0.154743 
0.328927 0.259331 0.251166 0.160575 
0.336572 0.260008 0.247960 0.155461 
0.316485 0.268274 0.244168 0.171073 
0.315319 0.263997 0.246112 0.174572 
0.307812 0.269335 0.239409 0.183443 
0.298096 0.263506 0.248348 0.190051 
0.293546 0.265552 0.246112 0.194790 
0.289269 0.256221 0.248056 0.206454 
0.273222 0.260396 0.248737 0.217645 
0.274883 0.262053 0.248834 0.214230 
0.270218 0.263997 0.238336 0.227449 
0.864749 0.089390 0.034590 0.011271 
0.855754 0.089036 0.036159 0.019051 
0.846483 0.089390 0.038088 0.026040 
0.837932 0.088613 0.036922 0.036533 
0.827050 0.087058 0.045472 0.040420 
0.819207 0.085925 0.053266 0.041602 
0.814613 0.083949 0.064127 0.037311 
0.802954 0.085892 0.072678 0.038476 
0.795181 0.085503 0.082783 0.036533 
0.783826 0.087869 0.085148 0.043157 
0.775360 0.096386 0.083171 0.045084 
0.764866 0.109600 0.082394 0.043140 
0.757387 0.110031 0.085537 0.047045 
0.749709 0.115041 0.084337 0.050913 
0.741935 0.130587 0.081617 0.045861 
0.731831 0.139914 0.080062 0.048193 
0.723173 0.146190 0.077372 0.053266 
0.713953 0.156238 0.078508 0.051302 
0.705014 0.162845 0.078119 0.054023 
0.698407 0.170618 0.078508 0.052468 
0.687014 0.182348 0.079316 0.051322 
0.682860 0.192382 0.073844 0.050913 
0.673144 0.197435 0.075010 0.054411 
0.662908 0.199844 0.076983 0.060264 
0.657598 0.218422 0.075010 0.048970 
0.657598 0.213370 0.071512 0.057520 
0.647493 0.216867 0.071512 0.064127 
0.641135 0.217341 0.071540 0.069984 
0.631415 0.216952 0.080482 0.071151 
0.621454 0.218033 0.088224 0.072289 
0.612903 0.221531 0.097551 0.068014 
0.603421 0.219673 0.109642 0.067263 
0.596812 0.216952 0.114697 0.071540 
0.588418 0.230082 0.118927 0.062573 
0.577925 0.225418 0.131364 0.065293 
0.572706 0.223561 0.138802 0.064930 
0.558492 0.219588 0.154295 0.067625 
0.545278 0.225806 0.159347 0.069569 
0.545490 0.230171 0.163297 0.061042 
0.534603 0.229393 0.172240 0.063764 
0.526234 0.226195 0.186941 0.060630 
0.520404 0.230470 0.186941 0.062184 
0.513608 0.235226 0.192068 0.059098 
0.498056 0.238725 0.201788 0.061431 
0.493199 0.236300 0.214147 0.056354 
0.490867 0.240964 0.214536 0.053634 
0.474728 0.236003 0.230949 0.058320 
0.464438 0.240964 0.240575 0.054023 
0.457831 0.250291 0.237855 0.054023 
0.453344 0.250778 0.244557 0.051322 
0.444790 0.265552 0.237558 0.052100 
0.444012 0.265163 0.241835 0.048989 
0.430237 0.277497 0.231636 0.060630 
0.428072 0.266330 0.237170 0.068429 
0.416019 0.259331 0.247278 0.077372 
0.409798 0.260109 0.246501 0.083593 
0.404586 0.264672 0.244462 0.086281 
0.398134 0.272551 0.234059 0.095257 
0.391135 0.267496 0.240280 0.101089 
0.383599 0.270113 0.236689 0.109600 
0.374271 0.267781 0.243296 0.114652 
0.371695 0.261664 0.244168 0.122473 
0.363919 0.265941 0.243779 0.126361 
0.356005 0.265449 0.245239 0.133307 
0.346812 0.262053 0.248056 0.143079 
0.341369 0.261664 0.242224 0.154743 
0.328927 0.259331 0.251166 0.160575 
0.336572 0.260008 0.247960 0.155461 
0.316485 0.268274 0.244168 0.171073 
0.315319 0.263997 0.246112 0.174572 
0.307812 0.269335 0.239409 0.183443 
0.298096 0.263506 0.248348 0.190051 
0.293546 0.265552 0.246112 0.194790 
0.289269 0.256221 0.248056 0.206454 
0.273222 0.260396 0.248737 0.217645 
0.274883 0.262053 0.248834 0.214230 
0.270218 0.263997 0.238336 0.227449 
