0.979261 0.020739 
0.962541 0.037459 
0.509331 0.490669 
0.845701 0.123675 0.025913 0.004711 
0.876325 0.107970 0.010993 0.004711 
0.788378 0.161759 0.038084 0.011779 
0.873184 0.089910 0.032980 0.003926 
0.263344 0.260597 0.253532 0.222527 
0.708609 0.194891 0.037843 0.031220 0.015137 0.010407 0.001892 0.000000 
0.717124 0.160833 0.083254 0.017029 0.016083 0.003784 0.000946 0.000946 
0.863765 0.057711 0.042573 0.023652 0.009461 0.002838 0.000000 0.000000 
0.861873 0.098392 0.026490 0.003784 0.003784 0.003784 0.001892 0.000000 
0.657521 0.206244 0.074740 0.029328 0.018921 0.010407 0.001892 0.000946 
0.690634 0.157994 0.087039 0.031220 0.016083 0.008515 0.006623 0.001892 
0.839167 0.065279 0.059603 0.022706 0.008515 0.002838 0.000946 0.000946 
0.802271 0.082308 0.070956 0.027436 0.010407 0.004730 0.001892 0.000000 
0.155303 0.153409 0.141098 0.136364 0.108902 0.105114 0.101326 0.098485 
0.641026 0.166667 0.051282 0.038462 0.025641 0.025641 0.025641 0.012821 0.012821 0.000000 0.000000 0.000000 0.000000 0.000000 0.000000 0.000000 
0.589744 0.179487 0.089744 0.051282 0.038462 0.025641 0.012821 0.012821 0.000000 0.000000 0.000000 0.000000 0.000000 0.000000 0.000000 0.000000 
0.615385 0.102564 0.089744 0.038462 0.038462 0.038462 0.025641 0.025641 0.012821 0.012821 0.000000 0.000000 0.000000 0.000000 0.000000 0.000000 
0.628205 0.128205 0.115385 0.064103 0.038462 0.012821 0.012821 0.000000 0.000000 0.000000 0.000000 0.000000 0.000000 0.000000 0.000000 0.000000 
0.692308 0.102564 0.089744 0.025641 0.025641 0.025641 0.012821 0.012821 0.012821 0.000000 0.000000 0.000000 0.000000 0.000000 0.000000 0.000000 
0.743590 0.102564 0.051282 0.038462 0.025641 0.025641 0.012821 0.000000 0.000000 0.000000 0.000000 0.000000 0.000000 0.000000 0.000000 0.000000 
0.615385 0.153846 0.102564 0.064103 0.025641 0.012821 0.012821 0.012821 0.000000 0.000000 0.000000 0.000000 0.000000 0.000000 0.000000 0.000000 
0.782051 0.064103 0.064103 0.038462 0.025641 0.012821 0.012821 0.000000 0.000000 0.000000 0.000000 0.000000 0.000000 0.000000 0.000000 0.000000 
0.538462 0.205128 0.076923 0.076923 0.064103 0.025641 0.012821 0.000000 0.000000 0.000000 0.000000 0.000000 0.000000 0.000000 0.000000 0.000000 
0.602564 0.205128 0.051282 0.051282 0.038462 0.012821 0.012821 0.012821 0.012821 0.000000 0.000000 0.000000 0.000000 0.000000 0.000000 0.000000 
0.692308 0.166667 0.089744 0.025641 0.012821 0.012821 0.000000 0.000000 0.000000 0.000000 0.000000 0.000000 0.000000 0.000000 0.000000 0.000000 
0.589744 0.179487 0.102564 0.064103 0.025641 0.012821 0.012821 0.012821 0.000000 0.000000 0.000000 0.000000 0.000000 0.000000 0.000000 0.000000 
0.743590 0.064103 0.051282 0.051282 0.038462 0.025641 0.012821 0.012821 0.000000 0.000000 0.000000 0.000000 0.000000 0.000000 0.000000 0.000000 
0.884615 0.025641 0.025641 0.025641 0.025641 0.012821 0.000000 0.000000 0.000000 0.000000 0.000000 0.000000 0.000000 0.000000 0.000000 0.000000 
0.666667 0.102564 0.089744 0.051282 0.051282 0.012821 0.012821 0.012821 0.000000 0.000000 0.000000 0.000000 0.000000 0.000000 0.000000 0.000000 
0.679487 0.115385 0.115385 0.051282 0.012821 0.012821 0.012821 0.000000 0.000000 0.000000 0.000000 0.000000 0.000000 0.000000 0.000000 0.000000 
0.125000 0.112500 0.087500 0.075000 0.075000 0.075000 0.062500 0.050000 0.050000 0.050000 0.050000 0.050000 0.037500 0.037500 0.037500 0.025000 
