0.837932 0.129032 0.029926 0.003109 
0.829316 0.136858 0.030327 0.003499 
0.820054 0.147299 0.029538 0.003109 
0.814225 0.153906 0.028372 0.003498 
0.804508 0.162845 0.029149 0.003498 
0.799767 0.167574 0.028771 0.003888 
0.790128 0.179946 0.026817 0.003109 
0.783910 0.181889 0.029926 0.004275 
0.778857 0.188885 0.029149 0.003109 
0.769051 0.200233 0.027216 0.003499 
0.762145 0.206374 0.026817 0.004664 
0.757093 0.211426 0.026817 0.004664 
0.746890 0.221229 0.027216 0.004666 
0.739215 0.229693 0.026817 0.004275 
0.734940 0.235134 0.025651 0.004275 
0.726001 0.243296 0.026040 0.004664 
0.722006 0.248834 0.024883 0.004277 
0.716673 0.253401 0.026040 0.003887 
0.703070 0.267781 0.025651 0.003498 
0.693354 0.277497 0.026040 0.003109 
0.688569 0.282659 0.025272 0.003499 
0.679751 0.292266 0.023319 0.004664 
0.670424 0.300816 0.024096 0.004664 
0.663686 0.305599 0.023717 0.006998 
0.666148 0.305091 0.024485 0.004275 
0.663817 0.312087 0.019433 0.004664 
0.650991 0.310532 0.031092 0.007384 
0.644246 0.308320 0.038491 0.008942 
0.638025 0.303655 0.045490 0.012830 
0.637388 0.296541 0.054023 0.012048 
0.617178 0.306257 0.062184 0.014380 
0.610809 0.302877 0.069984 0.016330 
0.608087 0.302877 0.074261 0.014774 
0.590750 0.305480 0.083560 0.020210 
0.590750 0.299650 0.089001 0.020599 
0.583593 0.295879 0.094479 0.026050 
0.561601 0.305091 0.108434 0.024874 
0.567431 0.292266 0.115818 0.024485 
0.558709 0.292379 0.122473 0.026439 
0.550156 0.291991 0.126361 0.031493 
0.537894 0.297707 0.139526 0.024874 
0.530120 0.289934 0.150797 0.029149 
0.521773 0.291213 0.151633 0.035381 
0.510498 0.293935 0.162519 0.033048 
0.507579 0.289934 0.167897 0.034590 
0.499806 0.287991 0.171007 0.041197 
0.492224 0.284215 0.185070 0.038491 
0.481539 0.286047 0.186941 0.045472 
0.470268 0.289157 0.194714 0.045861 
0.464619 0.283048 0.205677 0.046656 
0.456843 0.285770 0.206065 0.051322 
0.456843 0.278771 0.209953 0.054432 
0.455111 0.280218 0.208706 0.055966 
0.443235 0.283048 0.208398 0.065319 
0.433904 0.279549 0.210731 0.075816 
0.423406 0.282659 0.208398 0.085537 
0.410416 0.280606 0.219199 0.089778 
0.404355 0.279160 0.215397 0.101089 
0.407854 0.267496 0.218896 0.105754 
0.394481 0.271279 0.223086 0.111154 
0.384765 0.273611 0.213370 0.128255 
0.373250 0.269051 0.214619 0.143079 
0.367030 0.270995 0.222006 0.139969 
0.369607 0.264283 0.212204 0.153906 
0.344090 0.273717 0.222784 0.159409 
0.342146 0.269440 0.221617 0.166796 
0.328538 0.271773 0.223173 0.176516 
0.321803 0.271279 0.220365 0.186553 
0.305210 0.271773 0.226283 0.196734 
0.303266 0.267107 0.231337 0.198289 
0.301205 0.262340 0.229693 0.206763 
0.288768 0.263117 0.227750 0.220365 
0.281493 0.261275 0.231726 0.225505 
0.268663 0.267496 0.237558 0.226283 
0.266615 0.257676 0.241741 0.233968 
0.262053 0.256998 0.250000 0.230949 
0.273328 0.256998 0.249222 0.220451 
