0.709981 0.185499 0.047081 0.040490 0.009416 0.003766 0.002825 0.000942 
0.708373 0.184384 0.047037 0.039511 0.013170 0.003763 0.002822 0.000941 
0.703390 0.183616 0.056497 0.039548 0.010358 0.003766 0.001883 0.000942 
0.697740 0.184557 0.058380 0.039548 0.011299 0.003766 0.003766 0.000942 
0.699906 0.185325 0.055503 0.037629 0.014111 0.003763 0.002822 0.000941 
0.694915 0.182674 0.062147 0.039548 0.012241 0.003766 0.003766 0.000942 
0.694915 0.181733 0.065913 0.036723 0.013183 0.003766 0.002825 0.000942 
0.693032 0.175141 0.066855 0.039548 0.017891 0.003766 0.002825 0.000942 
0.682973 0.178739 0.071496 0.039511 0.016933 0.005644 0.003763 0.000941 
0.678908 0.177966 0.076271 0.039548 0.017891 0.004708 0.003766 0.000942 
0.676083 0.178908 0.077213 0.038606 0.020716 0.003766 0.003766 0.000942 
0.678269 0.179680 0.078081 0.037629 0.018815 0.003763 0.002822 0.000941 
0.669492 0.177966 0.087571 0.036723 0.019774 0.003766 0.003766 0.000942 
0.667608 0.173258 0.088512 0.040490 0.022599 0.003766 0.002825 0.000942 
0.660395 0.176858 0.095955 0.037629 0.019755 0.005644 0.002822 0.000941 
0.654426 0.177966 0.098870 0.037665 0.022599 0.004708 0.003766 0.000000 
0.664783 0.169492 0.097928 0.035782 0.024482 0.003766 0.002825 0.000942 
0.652869 0.171214 0.107244 0.038570 0.021637 0.003763 0.003763 0.000941 
0.648776 0.174200 0.105461 0.038606 0.023540 0.004708 0.003766 0.000942 
0.647834 0.171375 0.107345 0.039548 0.021657 0.007533 0.003766 0.000942 
0.643462 0.169332 0.110066 0.036689 0.031985 0.005644 0.001881 0.000941 
0.650659 0.161017 0.120527 0.033898 0.027307 0.004708 0.001883 0.000000 
0.638418 0.167608 0.116761 0.036723 0.032957 0.003766 0.002825 0.000942 
0.633710 0.164783 0.125235 0.034840 0.032957 0.003766 0.003766 0.000942 
0.636877 0.167451 0.122295 0.031044 0.031044 0.006585 0.003763 0.000941 
0.637817 0.168391 0.114770 0.034807 0.031985 0.006585 0.003763 0.001881 
0.639360 0.164783 0.124294 0.037665 0.026365 0.004708 0.002825 0.000000 
0.622766 0.173095 0.122295 0.035748 0.034807 0.007526 0.002822 0.000941 
0.620884 0.180621 0.116651 0.038570 0.033866 0.003763 0.002822 0.002822 
0.611111 0.184557 0.117702 0.039548 0.037665 0.004708 0.003766 0.000942 
0.614299 0.180621 0.134525 0.032926 0.029163 0.003763 0.003763 0.000941 
0.620884 0.179680 0.122295 0.037629 0.031044 0.003763 0.003763 0.000941 
0.605461 0.192090 0.119586 0.037665 0.035782 0.004708 0.003766 0.000942 
0.617702 0.177966 0.124294 0.036723 0.032957 0.005650 0.004708 0.000000 
0.612418 0.186265 0.125118 0.033866 0.030103 0.005644 0.004704 0.001881 
0.605461 0.201507 0.116761 0.032957 0.032015 0.004708 0.004708 0.001883 
0.598870 0.199623 0.118644 0.034840 0.034840 0.007533 0.003766 0.001883 
0.593603 0.206961 0.120414 0.038570 0.029163 0.006585 0.003763 0.000941 
0.590395 0.210923 0.124294 0.035782 0.030132 0.003766 0.003766 0.000942 
0.574388 0.230697 0.120527 0.034840 0.029190 0.006591 0.002825 0.000942 
0.578551 0.229539 0.111007 0.038570 0.032926 0.003763 0.003763 0.001881 
0.588899 0.214487 0.118532 0.033866 0.030103 0.008467 0.004704 0.000941 
0.571563 0.230697 0.124294 0.033898 0.029190 0.005650 0.004708 0.000000 
0.575729 0.228598 0.122295 0.032926 0.032926 0.003763 0.002822 0.000941 
0.585136 0.217310 0.120414 0.034807 0.031044 0.005644 0.004704 0.000941 
0.566855 0.239171 0.121469 0.033898 0.031073 0.004708 0.001883 0.000942 
0.564440 0.238006 0.119473 0.037629 0.028222 0.005644 0.004704 0.001881 
0.557855 0.241769 0.131703 0.030103 0.029163 0.004704 0.003763 0.000941 
0.551789 0.247646 0.122411 0.039548 0.025424 0.008475 0.003766 0.000942 
0.555556 0.245763 0.119586 0.036723 0.031073 0.005650 0.004708 0.000942 
0.546566 0.249294 0.122295 0.038570 0.033866 0.005644 0.002822 0.000941 
0.543744 0.254939 0.125118 0.039511 0.026341 0.004704 0.004704 0.000941 
0.556497 0.244821 0.116761 0.039548 0.030132 0.005650 0.005650 0.000942 
0.547507 0.242709 0.119473 0.047037 0.030103 0.009407 0.003763 0.000000 
0.533396 0.251176 0.118532 0.047977 0.034807 0.007526 0.005644 0.000941 
0.534840 0.238230 0.128060 0.058380 0.030132 0.007533 0.001883 0.000942 
0.523048 0.256820 0.120414 0.057385 0.030103 0.006585 0.004704 0.000941 
0.522107 0.252117 0.118532 0.068674 0.030103 0.003763 0.003763 0.000941 
0.533396 0.243650 0.115710 0.063970 0.030103 0.007526 0.003763 0.001881 
0.518832 0.251412 0.119586 0.065913 0.032957 0.005650 0.004708 0.000942 
0.529633 0.243650 0.118532 0.075259 0.025400 0.004704 0.002822 0.000000 
0.499530 0.251176 0.121355 0.088429 0.030103 0.004704 0.003763 0.000941 
0.504708 0.256121 0.130885 0.068738 0.032015 0.003766 0.002825 0.000942 
0.510818 0.246472 0.121355 0.085607 0.027281 0.004704 0.002822 0.000941 
0.506115 0.239887 0.124177 0.088429 0.028222 0.008467 0.003763 0.000941 
0.500000 0.236347 0.118644 0.099812 0.034840 0.006591 0.002825 0.000942 
0.488241 0.250235 0.109125 0.108184 0.028222 0.010348 0.004704 0.000941 
0.514581 0.238946 0.115710 0.097836 0.026341 0.003763 0.001881 0.000941 
0.486817 0.247646 0.121469 0.103578 0.026365 0.008475 0.004708 0.000942 
0.476011 0.244591 0.118532 0.116651 0.032926 0.004704 0.003763 0.002822 
0.479774 0.238946 0.118532 0.116651 0.029163 0.008467 0.006585 0.001881 
0.473189 0.239887 0.126058 0.120414 0.030103 0.006585 0.003763 0.000000 
0.473189 0.239887 0.123236 0.115710 0.034807 0.006585 0.004704 0.001881 
0.484478 0.228598 0.132643 0.111947 0.028222 0.007526 0.005644 0.000941 
0.460019 0.246472 0.130762 0.126999 0.025400 0.006585 0.002822 0.000941 
0.462335 0.242938 0.139360 0.116761 0.029190 0.004708 0.002825 0.001883 
0.463782 0.233302 0.140169 0.120414 0.028222 0.008467 0.002822 0.002822 
0.460019 0.234243 0.143932 0.111947 0.032926 0.010348 0.004704 0.001881 
0.459078 0.239887 0.141110 0.111007 0.031044 0.011289 0.004704 0.001881 
0.447789 0.237065 0.153340 0.109125 0.033866 0.009407 0.006585 0.002822 
0.461900 0.232361 0.139229 0.111947 0.038570 0.009407 0.005644 0.000941 
0.452493 0.234243 0.142051 0.116651 0.038570 0.007526 0.006585 0.001881 
0.450611 0.231421 0.147695 0.111007 0.040452 0.007526 0.007526 0.003763 
0.441204 0.243650 0.137347 0.117592 0.043274 0.011289 0.004704 0.000941 
0.438382 0.235183 0.140169 0.124177 0.047977 0.006585 0.005644 0.001881 
0.435970 0.222222 0.147834 0.112994 0.059322 0.014124 0.007533 0.000000 
0.442145 0.225776 0.144873 0.104421 0.057385 0.014111 0.008467 0.002822 
0.412041 0.240828 0.133584 0.126058 0.066792 0.015992 0.002822 0.001881 
0.418627 0.229539 0.139229 0.126058 0.061148 0.017874 0.006585 0.000941 
0.420508 0.222954 0.141110 0.116651 0.072437 0.014111 0.008467 0.003763 
0.423330 0.224835 0.145814 0.114770 0.068674 0.013170 0.007526 0.001881 
0.425212 0.217310 0.140169 0.119473 0.073377 0.013170 0.008467 0.002822 
0.405456 0.222013 0.137347 0.124177 0.082785 0.018815 0.005644 0.003763 
0.412041 0.223895 0.142992 0.119473 0.063970 0.026341 0.009407 0.001881 
0.394167 0.234243 0.142992 0.116651 0.083725 0.015052 0.007526 0.005644 
0.404516 0.230480 0.127940 0.124177 0.077140 0.024459 0.008467 0.002822 
0.388523 0.232361 0.147695 0.106303 0.080903 0.027281 0.015052 0.001881 
0.403575 0.224835 0.139229 0.111947 0.082785 0.024459 0.009407 0.003763 
0.390405 0.222954 0.148636 0.106303 0.087488 0.028222 0.013170 0.002822 
0.394167 0.214487 0.142992 0.109125 0.095014 0.028222 0.012230 0.003763 
0.393227 0.208843 0.155221 0.105362 0.086548 0.031985 0.013170 0.005644 
0.387947 0.212806 0.146893 0.110169 0.102637 0.019774 0.016008 0.003766 
0.386642 0.214487 0.137347 0.113829 0.097836 0.026341 0.020696 0.002822 
0.380056 0.213547 0.141110 0.115710 0.099718 0.033866 0.014111 0.001881 
0.388523 0.209784 0.144873 0.111947 0.106303 0.019755 0.016933 0.001881 
0.353383 0.214286 0.150376 0.117481 0.106203 0.033835 0.021617 0.002820 
0.374412 0.207902 0.146754 0.118532 0.108184 0.020696 0.018815 0.004704 
0.369708 0.220132 0.143932 0.108184 0.095014 0.031985 0.029163 0.001881 
0.354323 0.209586 0.155075 0.109962 0.101504 0.034774 0.026316 0.008459 
0.356538 0.210724 0.140169 0.111947 0.104421 0.033866 0.033866 0.008467 
0.340546 0.208843 0.148636 0.120414 0.100659 0.039511 0.030103 0.011289 
0.352775 0.214487 0.136406 0.118532 0.102540 0.033866 0.030103 0.011289 
0.340546 0.230480 0.142992 0.105362 0.102540 0.036689 0.032926 0.008467 
0.345249 0.209784 0.156162 0.115710 0.097836 0.043274 0.022578 0.009407 
0.328316 0.213547 0.142051 0.111947 0.108184 0.049859 0.031044 0.015052 
0.322672 0.211665 0.147695 0.106303 0.099718 0.062088 0.038570 0.011289 
0.333020 0.202258 0.156162 0.110066 0.106303 0.048918 0.027281 0.015992 
0.334901 0.199436 0.138288 0.113829 0.111007 0.051740 0.033866 0.016933 
0.331138 0.199436 0.148636 0.104421 0.097836 0.075259 0.029163 0.014111 
0.319849 0.214487 0.144873 0.107244 0.099718 0.068674 0.026341 0.018815 
0.316087 0.203198 0.140169 0.117592 0.095955 0.069614 0.037629 0.019755 
0.314850 0.211466 0.134398 0.113722 0.097744 0.083647 0.026316 0.017857 
0.303857 0.202258 0.155221 0.108184 0.102540 0.078081 0.031044 0.018815 
0.308561 0.199436 0.141110 0.111007 0.100659 0.086548 0.030103 0.022578 
0.306391 0.183271 0.140038 0.122180 0.116541 0.083647 0.027256 0.020677 
0.298213 0.199436 0.156162 0.105362 0.099718 0.088429 0.031044 0.021637 
0.291627 0.204139 0.143932 0.114770 0.111947 0.093133 0.023518 0.016933 
0.293509 0.205080 0.133584 0.116651 0.106303 0.104421 0.023518 0.016933 
0.298213 0.183443 0.145814 0.116651 0.102540 0.102540 0.028222 0.022578 
0.286924 0.194732 0.142992 0.111007 0.110066 0.100659 0.027281 0.026341 
0.289746 0.180621 0.142051 0.114770 0.111007 0.098777 0.037629 0.025400 
0.281015 0.191729 0.139098 0.114662 0.109962 0.099624 0.037594 0.026316 
0.284102 0.188147 0.141110 0.114770 0.113829 0.104421 0.035748 0.017874 
0.273754 0.189087 0.141110 0.113829 0.109125 0.097836 0.046096 0.029163 
0.277256 0.186090 0.136278 0.112782 0.111842 0.105263 0.053571 0.016917 
0.253998 0.201317 0.149577 0.116651 0.106303 0.100659 0.055503 0.015992 
0.261524 0.190969 0.148636 0.106303 0.102540 0.100659 0.063029 0.026341 
0.256820 0.183443 0.152399 0.120414 0.100659 0.100659 0.060207 0.025400 
0.263158 0.170113 0.148496 0.110902 0.107143 0.103383 0.069549 0.027256 
0.259643 0.182502 0.146754 0.107244 0.104421 0.098777 0.077140 0.023518 
0.249294 0.178739 0.149577 0.108184 0.107244 0.101599 0.077140 0.028222 
0.247180 0.182331 0.145677 0.112782 0.109962 0.099624 0.083647 0.018797 
0.259643 0.163688 0.143932 0.113829 0.105362 0.100659 0.089370 0.023518 
0.238006 0.190028 0.138288 0.111007 0.108184 0.102540 0.079022 0.032926 
0.250000 0.168233 0.142857 0.109962 0.106203 0.102444 0.093045 0.027256 
0.226717 0.182502 0.136406 0.111947 0.110066 0.104421 0.094073 0.033866 
0.226717 0.174976 0.138288 0.116651 0.107244 0.103481 0.101599 0.031044 
0.236842 0.182331 0.140038 0.108083 0.104323 0.103383 0.089286 0.035714 
0.214487 0.190028 0.151458 0.107244 0.106303 0.103481 0.095014 0.031985 
0.229539 0.169332 0.146754 0.115710 0.113829 0.103481 0.097836 0.023518 
0.221805 0.162594 0.139098 0.127820 0.109023 0.109023 0.106203 0.024436 
0.214286 0.167293 0.148496 0.116541 0.115602 0.104323 0.100564 0.032895 
0.210724 0.167451 0.134525 0.124177 0.117592 0.113829 0.095955 0.035748 
0.216369 0.179680 0.135466 0.132643 0.109125 0.099718 0.095955 0.031044 
0.209586 0.159774 0.145677 0.142857 0.112782 0.098684 0.094925 0.035714 
0.203008 0.162594 0.155075 0.143797 0.107143 0.105263 0.101504 0.021617 
0.204139 0.169332 0.143932 0.137347 0.110066 0.102540 0.097836 0.034807 
0.189850 0.169173 0.154135 0.150376 0.100564 0.100564 0.095865 0.039474 
0.189850 0.177632 0.143797 0.123120 0.122180 0.102444 0.096805 0.044173 
0.197554 0.161806 0.143932 0.139229 0.114770 0.104421 0.098777 0.039511 
0.187970 0.166353 0.151316 0.140038 0.101504 0.100564 0.094925 0.057331 
0.184211 0.170113 0.152256 0.145677 0.101504 0.101504 0.100564 0.044173 
0.178739 0.162747 0.146754 0.143932 0.105362 0.105362 0.099718 0.057385 
0.173095 0.168391 0.144873 0.138288 0.107244 0.106303 0.098777 0.063029 
0.170113 0.153195 0.150376 0.145677 0.108083 0.100564 0.098684 0.073308 
0.171214 0.158043 0.142992 0.133584 0.111947 0.106303 0.101599 0.074318 
0.159925 0.157103 0.153340 0.143932 0.108184 0.106303 0.098777 0.072437 
0.165414 0.152256 0.142857 0.141917 0.111842 0.102444 0.097744 0.085526 
0.164474 0.159774 0.139098 0.134398 0.120301 0.101504 0.097744 0.082707 
0.160865 0.156162 0.153340 0.144873 0.107244 0.102540 0.090310 0.084666 
0.162594 0.146617 0.137218 0.127820 0.113722 0.109023 0.106203 0.096805 
0.158835 0.141917 0.140977 0.134398 0.121241 0.111842 0.103383 0.087406 
0.162747 0.143932 0.137347 0.136406 0.121355 0.102540 0.099718 0.095955 
0.156955 0.143797 0.141917 0.139098 0.112782 0.109023 0.098684 0.097744 
0.151316 0.149436 0.142857 0.142857 0.106203 0.105263 0.103383 0.098684 
0.158984 0.148636 0.143932 0.135466 0.108184 0.106303 0.100659 0.097836 
0.160714 0.145677 0.144737 0.121241 0.113722 0.105263 0.104323 0.104323 
0.148496 0.146617 0.139098 0.130639 0.122180 0.113722 0.101504 0.097744 
0.151458 0.144873 0.134525 0.132643 0.123236 0.111007 0.101599 0.100659 
0.150517 0.149577 0.142992 0.123236 0.114770 0.114770 0.107244 0.096896 
0.161654 0.144737 0.134398 0.133459 0.116541 0.109962 0.109962 0.089286 
